365 200000 | 117 364 249 249
350 200000 | 129 347 224 224
348 200000 | 133 347 216 216
358 200000 | 132 356 228 228
344 200000 | 113 344 231 231
351 200000 | 109 350 243 243
370 200000 | 118 370 252 252
391 200000 | 114 391 277 277
355 200000 | 128 350 232 232
353 200000 | 115 350 241 241
343 200000 | 120 340 226 226
395 200000 | 122 395 273 273
386 200000 | 129 386 257 257
353 200000 | 118 351 237 237
328 200000 | 106 326 224 224
356 200000 | 118 356 238 238
366 200000 | 120 361 251 251
349 200000 | 115 348 235 235
343 200000 | 114 342 230 230
339 200000 | 120 338 220 220
350 200000 | 112 350 238 238
370 200000 | 124 368 248 248
337 200000 | 120 336 218 218
343 200000 | 116 341 229 229
322 200000 | 125 321 198 198
347 200000 | 102 346 246 246
373 200000 | 121 372 253 253
352 200000 | 125 350 229 229
351 200000 | 96 351 255 255
342 200000 | 127 339 218 218
327 200000 | 113 326 215 215
368 200000 | 121 366 249 249
349 200000 | 105 349 244 244
332 200000 | 107 329 228 228
386 200000 | 130 383 259 259
322 200000 | 106 319 219 219
347 200000 | 127 346 221 221
389 200000 | 128 385 265 265
368 200000 | 125 367 244 244
376 200000 | 117 376 259 259
386 200000 | 144 384 244 244
362 200000 | 117 360 247 247
385 200000 | 124 383 263 263
336 200000 | 105 333 234 234
370 200000 | 125 366 249 249
362 200000 | 121 360 243 243
348 200000 | 127 346 223 223
343 200000 | 107 341 238 238
370 200000 | 121 369 250 250
374 200000 | 146 374 228 228
365 200000 | 129 364 237 237
386 200000 | 132 384 256 256
343 200000 | 124 342 220 220
374 200000 | 134 372 242 242
367 200000 | 120 363 251 251
372 200000 | 144 369 231 231
353 200000 | 114 353 239 239
368 200000 | 134 365 237 237
375 200000 | 129 370 251 251
349 200000 | 111 348 239 239
367 200000 | 117 366 251 251
352 200000 | 108 351 245 245
366 200000 | 107 365 260 260
347 200000 | 115 344 235 235
358 200000 | 121 358 237 237
355 200000 | 114 354 242 242
364 200000 | 119 363 246 246
352 200000 | 108 351 245 245
389 200000 | 134 388 256 256
380 200000 | 124 378 258 258
330 200000 | 102 328 230 230
387 200000 | 124 387 263 263
327 200000 | 119 325 210 210
343 200000 | 122 343 221 221
355 200000 | 127 355 228 228
360 200000 | 134 360 226 226
377 200000 | 125 374 255 255
357 200000 | 109 355 250 250
336 200000 | 110 336 226 226
362 200000 | 109 360 255 255
362 200000 | 120 361 243 243
346 200000 | 102 346 244 244
377 200000 | 116 375 263 263
356 200000 | 120 354 238 238
358 200000 | 116 356 244 244
359 200000 | 131 359 228 228
361 200000 | 113 359 250 250
356 200000 | 121 356 235 235
336 200000 | 114 333 225 225
345 200000 | 112 344 234 234
375 200000 | 124 375 251 251
359 200000 | 126 356 236 236
344 200000 | 103 342 243 243
363 200000 | 131 361 234 234
366 200000 | 110 365 257 257
353 200000 | 126 353 227 227
366 200000 | 115 362 255 255
330 200000 | 123 324 213 213
342 200000 | 136 340 208 208
336 200000 | 123 336 213 213
385 200000 | 136 379 255 255
357 200000 | 132 355 227 227
388 200000 | 130 387 259 259
350 200000 | 132 349 219 219
350 200000 | 123 349 228 228
360 200000 | 114 357 249 249
345 200000 | 117 344 229 229
338 200000 | 109 335 232 232
364 200000 | 128 362 238 238
356 200000 | 130 354 228 228
377 200000 | 128 374 252 252
339 200000 | 120 338 220 220
368 200000 | 129 364 243 243
356 200000 | 139 355 218 218
399 200000 | 135 396 267 267
372 200000 | 138 371 235 235
367 200000 | 141 364 229 229
362 200000 | 131 362 231 231
364 200000 | 126 362 240 240
350 200000 | 116 342 242 242
380 200000 | 137 379 244 244
340 200000 | 124 339 217 217
348 200000 | 125 347 224 224
363 200000 | 148 362 216 216
354 200000 | 119 350 239 239
351 200000 | 129 347 226 226
370 200000 | 129 368 243 243
351 200000 | 128 351 223 223
376 200000 | 119 376 257 257
339 200000 | 113 337 228 228
376 200000 | 130 376 246 246
377 200000 | 135 377 242 242
385 200000 | 124 383 263 263
368 200000 | 122 367 247 247
339 200000 | 112 338 228 228
330 200000 | 94 328 238 238
378 200000 | 134 377 245 245
344 200000 | 119 341 228 228
376 200000 | 125 374 253 253
355 200000 | 112 353 245 245
384 200000 | 145 382 241 241
