130 200000 | 102 99 59 59
136 200000 | 104 99 69 69
135 200000 | 99 100 71 71
145 200000 | 94 107 89 89
130 200000 | 104 88 68 68
136 200000 | 100 104 68 68
125 200000 | 100 87 63 63
124 200000 | 93 88 67 67
140 200000 | 103 108 69 69
132 200000 | 100 106 58 58
158 200000 | 122 121 73 73
120 200000 | 93 85 62 62
131 200000 | 95 97 70 70
143 200000 | 108 115 63 63
132 200000 | 103 99 62 62
131 200000 | 94 97 71 71
130 200000 | 103 90 67 67
142 200000 | 109 102 73 73
150 200000 | 111 116 73 73
107 200000 | 71 82 61 61
146 200000 | 112 103 77 77
134 200000 | 104 94 70 70
133 200000 | 96 94 76 76
155 200000 | 116 112 82 82
124 200000 | 92 95 61 61
127 200000 | 92 106 56 56
146 200000 | 99 107 86 86
118 200000 | 81 89 66 66
130 200000 | 89 104 67 67
133 200000 | 98 105 63 63
125 200000 | 90 88 72 72
134 200000 | 99 88 81 81
136 200000 | 99 107 66 66
139 200000 | 109 89 80 80
127 200000 | 94 103 57 57
138 200000 | 109 112 55 55
146 200000 | 106 114 72 72
127 200000 | 91 95 68 68
133 200000 | 106 96 64 64
128 200000 | 96 92 68 68
116 200000 | 86 85 61 61
130 200000 | 94 96 70 70
135 200000 | 108 92 70 70
141 200000 | 105 114 63 63
126 200000 | 94 97 61 61
139 200000 | 101 103 74 74
139 200000 | 107 104 67 67
129 200000 | 95 99 64 64
136 200000 | 107 107 58 58
152 200000 | 114 114 76 76
117 200000 | 83 91 60 60
144 200000 | 109 108 71 71
132 200000 | 100 93 71 71
121 200000 | 93 91 58 58
114 200000 | 83 90 55 55
162 200000 | 112 126 86 86
138 200000 | 106 94 76 76
133 200000 | 101 104 61 61
130 200000 | 102 97 61 61
137 200000 | 100 105 69 69
137 200000 | 98 112 64 64
125 200000 | 92 95 63 63
117 200000 | 87 86 61 61
140 200000 | 110 103 67 67
131 200000 | 96 98 68 68
146 200000 | 109 112 71 71
125 200000 | 96 99 55 55
129 200000 | 95 101 62 62
136 200000 | 98 97 77 77
150 200000 | 113 116 71 71
153 200000 | 113 126 67 67
126 200000 | 98 97 57 57
119 200000 | 90 84 64 64
135 200000 | 100 104 66 66
137 200000 | 104 96 74 74
135 200000 | 108 102 60 60
140 200000 | 108 97 75 75
149 200000 | 112 111 75 75
155 200000 | 113 121 76 76
139 200000 | 99 108 71 71
135 200000 | 110 88 72 72
130 200000 | 104 95 61 61
153 200000 | 112 116 78 78
145 200000 | 115 107 68 68
150 200000 | 114 109 77 77
134 200000 | 92 96 80 80
131 200000 | 100 98 64 64
114 200000 | 87 86 55 55
126 200000 | 87 101 64 64
126 200000 | 95 92 65 65
126 200000 | 102 91 59 59
126 200000 | 100 101 51 51
145 200000 | 113 106 71 71
124 200000 | 98 89 61 61
125 200000 | 91 101 58 58
140 200000 | 107 104 69 69
131 200000 | 95 106 61 61
135 200000 | 100 101 69 69
117 200000 | 90 85 59 59
143 200000 | 99 110 77 77
130 200000 | 89 97 74 74
137 200000 | 108 104 62 62
125 200000 | 93 99 58 58
133 200000 | 102 95 69 69
125 200000 | 93 92 65 65
141 200000 | 116 103 63 63
140 200000 | 104 108 68 68
142 200000 | 108 110 66 66
128 200000 | 101 97 58 58
146 200000 | 111 104 77 77
142 200000 | 107 107 70 70
127 200000 | 101 96 57 57
142 200000 | 104 110 70 70
151 200000 | 112 108 82 82
137 200000 | 103 99 72 72
134 200000 | 102 98 68 68
119 200000 | 94 85 59 59
142 200000 | 104 118 62 62
145 200000 | 109 109 72 72
99 200000 | 74 73 51 51
142 200000 | 103 115 66 66
125 200000 | 96 94 60 60
129 200000 | 104 92 62 62
126 200000 | 98 93 61 61
106 200000 | 83 83 46 46
142 200000 | 114 103 67 67
143 200000 | 117 107 62 62
119 200000 | 94 79 65 65
110 200000 | 82 82 56 56
144 200000 | 119 101 68 68
117 200000 | 81 84 69 69
139 200000 | 96 110 72 72
131 200000 | 99 100 63 63
154 200000 | 117 112 79 79
119 200000 | 93 86 59 59
125 200000 | 94 94 62 62
139 200000 | 102 114 62 62
123 200000 | 88 100 58 58
137 200000 | 97 112 65 65
160 200000 | 111 126 83 83
131 200000 | 107 98 57 57
108 200000 | 85 81 50 50
125 200000 | 89 104 57 57
143 200000 | 107 106 73 73
146 200000 | 118 110 64 64
100 200000 | 81 79 40 40
132 200000 | 101 104 59 59
138 200000 | 98 107 71 71
136 200000 | 100 104 68 68
140 200000 | 105 104 71 71
127 200000 | 97 94 63 63
148 200000 | 113 112 71 71
125 200000 | 92 86 72 72
142 200000 | 112 101 71 71
124 200000 | 89 91 68 68
130 200000 | 100 98 62 62
143 200000 | 108 108 70 70
140 200000 | 105 108 67 67
139 200000 | 98 111 69 69
134 200000 | 96 99 73 73
133 200000 | 85 108 73 73
152 200000 | 114 122 68 68
128 200000 | 96 97 63 63
126 200000 | 92 96 64 64
129 200000 | 93 106 59 59
151 200000 | 108 118 76 76
129 200000 | 95 95 68 68
136 200000 | 104 105 63 63
136 200000 | 103 106 63 63
109 200000 | 84 76 58 58
128 200000 | 103 93 60 60
135 200000 | 93 102 75 75
139 200000 | 104 107 67 67
120 200000 | 79 83 78 78
131 200000 | 107 91 64 64
151 200000 | 114 120 68 68
132 200000 | 99 93 72 72
130 200000 | 92 103 65 65
118 200000 | 92 78 66 66
138 200000 | 107 109 60 60
126 200000 | 93 104 55 55
140 200000 | 91 117 72 72
133 200000 | 105 86 75 75
120 200000 | 94 81 65 65
132 200000 | 108 102 54 54
134 200000 | 100 103 65 65
159 200000 | 118 112 88 88
128 200000 | 98 98 60 60
131 200000 | 102 96 64 64
156 200000 | 120 119 73 73
132 200000 | 90 98 76 76
145 200000 | 110 104 76 76
130 200000 | 101 95 64 64
135 200000 | 103 100 67 67
132 200000 | 103 100 61 61
155 200000 | 118 118 74 74
154 200000 | 110 123 75 75
152 200000 | 114 108 82 82
151 200000 | 109 110 83 83
134 200000 | 109 94 65 65
148 200000 | 114 111 71 71
129 200000 | 97 90 71 71
150 200000 | 109 115 76 76
153 200000 | 107 110 89 89
136 200000 | 102 99 71 71
132 200000 | 97 102 65 65
139 200000 | 113 98 67 67
141 200000 | 108 109 65 65
139 200000 | 107 95 76 76
130 200000 | 91 105 64 64
127 200000 | 87 99 68 68
136 200000 | 107 97 68 68
149 200000 | 109 111 78 78
139 200000 | 116 107 55 55
135 200000 | 106 101 63 63
128 200000 | 98 93 65 65
156 200000 | 118 114 80 80
135 200000 | 103 103 64 64
114 200000 | 88 80 60 60
126 200000 | 91 91 70 70
121 200000 | 94 89 59 59
118 200000 | 81 99 56 56
127 200000 | 105 99 50 50
149 200000 | 116 109 73 73
134 200000 | 98 102 68 68
149 200000 | 113 109 76 76
142 200000 | 110 103 71 71
138 200000 | 111 101 64 64
118 200000 | 88 81 67 67
151 200000 | 108 115 79 79
158 200000 | 113 126 77 77
138 200000 | 105 108 63 63
138 200000 | 107 108 61 61
138 200000 | 86 111 79 79
113 200000 | 93 80 53 53
139 200000 | 110 104 64 64
147 200000 | 113 105 76 76
138 200000 | 107 103 66 66
127 200000 | 97 93 64 64
128 200000 | 91 93 72 72
120 200000 | 84 94 62 62
122 200000 | 90 96 58 58
137 200000 | 103 96 75 75
128 200000 | 93 96 67 67
133 200000 | 105 101 60 60
133 200000 | 107 99 60 60
122 200000 | 88 92 64 64
122 200000 | 93 95 56 56
131 200000 | 101 93 68 68
118 200000 | 85 94 57 57
141 200000 | 109 112 61 61
126 200000 | 90 92 70 70
150 200000 | 115 107 78 78
105 200000 | 80 74 56 56
121 200000 | 92 94 56 56
137 200000 | 104 105 65 65
131 200000 | 96 100 66 66
139 200000 | 95 103 80 80
125 200000 | 83 99 68 68
127 200000 | 90 97 67 67
118 200000 | 91 84 61 61
151 200000 | 117 107 78 78
154 200000 | 115 118 75 75
127 200000 | 101 88 65 65
123 200000 | 97 94 55 55
124 200000 | 97 82 69 69
143 200000 | 97 122 67 67
139 200000 | 107 101 70 70
138 200000 | 100 105 71 71
136 200000 | 99 105 68 68
144 200000 | 102 113 73 73
143 200000 | 107 105 74 74
119 200000 | 90 82 66 66
147 200000 | 110 110 74 74
104 200000 | 79 86 43 43
139 200000 | 99 103 76 76
145 200000 | 109 103 78 78
116 200000 | 81 90 61 61
163 200000 | 120 124 82 82
115 200000 | 84 86 60 60
127 200000 | 88 98 68 68
121 200000 | 79 97 66 66
129 200000 | 97 95 66 66
134 200000 | 103 101 64 64
150 200000 | 112 112 76 76
130 200000 | 99 104 57 57
130 200000 | 103 97 60 60
137 200000 | 107 103 64 64
134 200000 | 99 95 74 74
138 200000 | 104 102 70 70
125 200000 | 95 102 53 53
142 200000 | 104 100 80 80
127 200000 | 95 94 65 65
165 200000 | 127 127 76 76
116 200000 | 85 85 62 62
135 200000 | 111 105 54 54
147 200000 | 111 108 75 75
140 200000 | 99 102 79 79
144 200000 | 113 110 65 65
156 200000 | 120 122 70 70
126 200000 | 95 95 62 62
148 200000 | 119 107 70 70
116 200000 | 88 87 57 57
151 200000 | 113 119 70 70
137 200000 | 95 107 72 72
152 200000 | 116 107 81 81
134 200000 | 97 107 64 64
136 200000 | 98 99 75 75
137 200000 | 99 104 71 71
147 200000 | 115 108 71 71
109 200000 | 78 86 54 54
114 200000 | 84 84 60 60
144 200000 | 99 117 72 72
139 200000 | 102 105 71 71
112 200000 | 85 88 51 51
112 200000 | 77 85 62 62
116 200000 | 91 82 59 59
157 200000 | 114 115 85 85
130 200000 | 102 94 64 64
122 200000 | 92 90 62 62
139 200000 | 93 109 76 76
144 200000 | 114 99 75 75
114 200000 | 87 91 50 50
129 200000 | 93 101 64 64
126 200000 | 89 93 70 70
107 200000 | 81 78 55 55
125 200000 | 92 93 65 65
111 200000 | 88 80 54 54
120 200000 | 87 88 65 65
123 200000 | 86 83 77 77
130 200000 | 97 90 73 73
136 200000 | 100 103 69 69
131 200000 | 100 96 66 66
142 200000 | 111 111 62 62
137 200000 | 107 100 67 67
113 200000 | 90 85 51 51
140 200000 | 104 108 68 68
137 200000 | 104 95 75 75
132 200000 | 106 95 63 63
135 200000 | 103 94 73 73
103 200000 | 78 79 49 49
122 200000 | 91 95 58 58
155 200000 | 112 119 79 79
136 200000 | 101 106 65 65
145 200000 | 104 105 81 81
147 200000 | 103 116 75 75
119 200000 | 88 87 63 63
128 200000 | 102 91 63 63
154 200000 | 120 114 74 74
132 200000 | 95 93 76 76
144 200000 | 112 101 75 75
131 200000 | 93 95 74 74
128 200000 | 91 99 66 66
137 200000 | 92 109 73 73
138 200000 | 101 105 70 70
125 200000 | 84 90 76 76
120 200000 | 92 92 56 56
131 200000 | 99 104 59 59
148 200000 | 109 113 74 74
151 200000 | 117 116 69 69
143 200000 | 103 101 82 82
134 200000 | 91 111 66 66
136 200000 | 95 114 63 63
133 200000 | 108 89 69 69
130 200000 | 101 97 62 62
152 200000 | 119 114 71 71
126 200000 | 110 90 52 52
143 200000 | 109 106 71 71
153 200000 | 112 122 72 72
123 200000 | 92 88 66 66
133 200000 | 103 93 70 70
141 200000 | 105 103 74 74
134 200000 | 102 99 67 67
137 200000 | 104 110 60 60
