460 200000 | 458 450 12 12
445 200000 | 442 435 13 13
462 200000 | 456 456 12 12
449 200000 | 447 440 11 11
416 200000 | 414 405 13 13
400 200000 | 400 391 9 9
436 200000 | 428 426 18 18
434 200000 | 425 425 18 18
443 200000 | 439 436 11 11
424 200000 | 421 417 10 10
444 200000 | 441 434 13 13
444 200000 | 438 429 21 21
465 200000 | 462 456 12 12
465 200000 | 462 455 13 13
427 200000 | 424 418 12 12
453 200000 | 449 446 11 11
458 200000 | 457 445 14 14
444 200000 | 442 436 10 10
439 200000 | 438 433 7 7
428 200000 | 425 418 13 13
437 200000 | 432 430 12 12
391 200000 | 390 381 11 11
424 200000 | 422 415 11 11
438 200000 | 435 429 12 12
441 200000 | 441 435 6 6
448 200000 | 442 443 11 11
450 200000 | 445 437 18 18
435 200000 | 429 428 13 13
433 200000 | 428 428 10 10
409 200000 | 408 406 4 4
451 200000 | 448 442 12 12
445 200000 | 444 436 10 10
423 200000 | 419 417 10 10
470 200000 | 463 462 15 15
421 200000 | 420 413 9 9
475 200000 | 473 465 12 12
430 200000 | 426 415 19 19
436 200000 | 433 431 8 8
473 200000 | 469 462 15 15
425 200000 | 421 420 9 9
468 200000 | 464 459 13 13
439 200000 | 436 433 9 9
428 200000 | 426 417 13 13
449 200000 | 443 439 16 16
419 200000 | 413 411 14 14
421 200000 | 415 410 17 17
410 200000 | 408 405 7 7
433 200000 | 429 422 15 15
402 200000 | 398 391 15 15
479 200000 | 475 468 15 15
432 200000 | 429 418 17 17
451 200000 | 447 439 16 16
494 200000 | 491 487 10 10
471 200000 | 467 459 16 16
437 200000 | 433 423 18 18
434 200000 | 430 425 13 13
442 200000 | 438 436 10 10
453 200000 | 449 443 14 14
433 200000 | 428 419 19 19
414 200000 | 410 405 13 13
403 200000 | 396 392 18 18
477 200000 | 472 470 12 12
466 200000 | 464 460 8 8
444 200000 | 442 437 9 9
452 200000 | 450 444 10 10
434 200000 | 431 425 12 12
444 200000 | 441 429 18 18
446 200000 | 446 434 12 12
443 200000 | 439 429 18 18
445 200000 | 437 431 22 22
450 200000 | 448 447 5 5
437 200000 | 434 425 15 15
470 200000 | 463 459 18 18
471 200000 | 468 461 13 13
441 200000 | 437 432 13 13
409 200000 | 400 403 15 15
406 200000 | 404 395 13 13
466 200000 | 464 458 10 10
452 200000 | 444 442 18 18
442 200000 | 440 432 12 12
443 200000 | 440 436 10 10
436 200000 | 432 426 14 14
450 200000 | 443 440 17 17
468 200000 | 461 456 19 19
450 200000 | 442 440 18 18
436 200000 | 429 424 19 19
440 200000 | 437 421 22 22
447 200000 | 442 437 15 15
449 200000 | 445 440 13 13
444 200000 | 440 436 12 12
452 200000 | 445 441 18 18
447 200000 | 445 433 16 16
431 200000 | 424 424 14 14
415 200000 | 411 409 10 10
460 200000 | 454 451 15 15
480 200000 | 476 474 10 10
431 200000 | 426 420 16 16
467 200000 | 462 455 17 17
433 200000 | 424 423 19 19
460 200000 | 453 454 13 13
488 200000 | 482 474 20 20
429 200000 | 424 422 12 12
420 200000 | 411 414 15 15
432 200000 | 427 423 14 14
475 200000 | 470 467 13 13
433 200000 | 429 419 18 18
457 200000 | 453 448 13 13
444 200000 | 441 436 11 11
457 200000 | 451 451 12 12
451 200000 | 447 441 14 14
428 200000 | 423 419 14 14
409 200000 | 406 401 11 11
458 200000 | 453 452 11 11
