670 200000 | 486 506 348 348
594 200000 | 463 432 293 293
656 200000 | 488 492 332 332
674 200000 | 491 498 359 359
701 200000 | 527 529 346 346
668 200000 | 492 503 341 341
609 200000 | 450 459 309 309
637 200000 | 472 480 322 322
636 200000 | 470 484 318 318
622 200000 | 469 461 314 314
631 200000 | 460 463 339 339
668 200000 | 509 482 345 345
681 200000 | 512 498 352 352
608 200000 | 458 470 288 288
635 200000 | 477 470 323 323
634 200000 | 487 480 301 301
705 200000 | 534 531 345 345
668 200000 | 474 504 358 358
620 200000 | 473 454 313 313
634 200000 | 482 486 300 300
668 200000 | 513 490 333 333
654 200000 | 503 466 339 339
675 200000 | 529 490 331 331
629 200000 | 469 451 338 338
640 200000 | 480 481 319 319
713 200000 | 551 547 328 328
634 200000 | 480 483 305 305
627 200000 | 458 472 324 324
672 200000 | 502 500 342 342
660 200000 | 505 492 323 323
618 200000 | 482 437 317 317
634 200000 | 469 479 320 320
659 200000 | 485 493 340 340
634 200000 | 487 464 317 317
646 200000 | 478 494 320 320
694 200000 | 519 510 359 359
616 200000 | 459 459 314 314
655 200000 | 480 487 343 343
664 200000 | 486 505 337 337
645 200000 | 510 471 309 309
677 200000 | 503 484 367 367
674 200000 | 503 507 338 338
705 200000 | 528 520 362 362
602 200000 | 466 441 297 297
668 200000 | 480 496 360 360
656 200000 | 491 479 342 342
640 200000 | 477 480 323 323
644 200000 | 472 475 341 341
632 200000 | 487 458 319 319
662 200000 | 503 483 338 338
582 200000 | 448 429 287 287
662 200000 | 492 493 339 339
645 200000 | 502 462 326 326
644 200000 | 487 487 314 314
615 200000 | 458 461 311 311
694 200000 | 510 527 351 351
639 200000 | 492 476 310 310
624 200000 | 465 484 299 299
651 200000 | 501 496 305 305
674 200000 | 504 506 338 338
638 200000 | 489 471 316 316
650 200000 | 494 483 323 323
674 200000 | 497 516 335 335
651 200000 | 489 485 328 328
637 200000 | 487 451 336 336
683 200000 | 499 517 350 350
657 200000 | 490 491 333 333
683 200000 | 523 518 325 325
669 200000 | 522 476 340 340
675 200000 | 510 522 318 318
653 200000 | 492 486 328 328
624 200000 | 454 479 315 315
657 200000 | 497 501 316 316
621 200000 | 452 472 318 318
640 200000 | 457 486 337 337
644 200000 | 487 462 339 339
656 200000 | 487 481 344 344
