690 200000 | 261 686 433 433
692 200000 | 262 686 436 436
702 200000 | 264 696 444 444
714 200000 | 259 704 465 465
694 200000 | 256 686 446 446
720 200000 | 284 711 445 445
663 200000 | 262 661 403 403
674 200000 | 278 664 406 406
684 200000 | 263 676 429 429
706 200000 | 271 698 443 443
664 200000 | 244 660 424 424
717 200000 | 256 706 472 472
675 200000 | 261 671 418 418
640 200000 | 257 638 385 385
675 200000 | 278 670 402 402
687 200000 | 282 678 414 414
640 200000 | 242 636 402 402
740 200000 | 296 733 451 451
650 200000 | 258 644 398 398
651 200000 | 237 642 423 423
644 200000 | 263 636 389 389
692 200000 | 278 685 421 421
656 200000 | 269 647 396 396
674 200000 | 245 664 439 439
618 200000 | 263 609 364 364
722 200000 | 301 718 425 425
704 200000 | 280 693 435 435
704 200000 | 268 692 448 448
713 200000 | 270 702 454 454
656 200000 | 255 644 413 413
696 200000 | 246 684 462 462
641 200000 | 230 636 416 416
686 200000 | 247 681 444 444
698 200000 | 272 685 439 439
684 200000 | 275 680 413 413
694 200000 | 278 689 421 421
669 200000 | 252 658 428 428
750 200000 | 299 743 458 458
712 200000 | 285 704 435 435
740 200000 | 302 731 447 447
677 200000 | 255 664 435 435
680 200000 | 246 675 439 439
673 200000 | 258 668 420 420
685 200000 | 274 677 419 419
682 200000 | 268 673 423 423
664 200000 | 245 657 426 426
653 200000 | 236 647 423 423
702 200000 | 272 693 439 439
673 200000 | 274 664 408 408
694 200000 | 278 689 421 421
711 200000 | 271 707 444 444
681 200000 | 248 673 441 441
683 200000 | 254 680 432 432
721 200000 | 294 711 437 437
692 200000 | 290 685 409 409
690 200000 | 273 686 421 421
725 200000 | 267 720 463 463
748 200000 | 290 743 463 463
672 200000 | 255 667 422 422
685 200000 | 246 676 448 448
722 200000 | 281 713 450 450
697 200000 | 282 685 427 427
704 200000 | 275 699 434 434
697 200000 | 280 691 423 423
665 200000 | 255 658 417 417
705 200000 | 290 699 421 421
703 200000 | 271 697 438 438
693 200000 | 274 685 427 427
728 200000 | 269 726 461 461
708 200000 | 268 701 447 447
632 200000 | 255 624 385 385
696 200000 | 276 683 433 433
656 200000 | 265 653 394 394
