898 200000 | 884 883 29 29
862 200000 | 856 836 32 32
860 200000 | 846 835 39 39
936 200000 | 919 903 50 50
812 200000 | 794 797 33 33
852 200000 | 845 831 28 28
869 200000 | 861 855 22 22
913 200000 | 897 888 41 41
931 200000 | 917 914 31 31
890 200000 | 873 865 42 42
873 200000 | 863 851 32 32
895 200000 | 879 869 42 42
865 200000 | 851 844 35 35
893 200000 | 881 868 37 37
864 200000 | 854 836 38 38
921 200000 | 909 893 40 40
865 200000 | 849 847 34 34
888 200000 | 878 867 31 31
865 200000 | 851 842 37 37
885 200000 | 873 870 27 27
883 200000 | 876 860 30 30
831 200000 | 820 808 34 34
904 200000 | 892 884 32 32
877 200000 | 859 860 35 35
906 200000 | 888 882 42 42
884 200000 | 871 857 40 40
893 200000 | 881 871 34 34
858 200000 | 847 841 28 28
848 200000 | 828 828 40 40
894 200000 | 890 862 36 36
888 200000 | 875 865 36 36
892 200000 | 880 862 42 42
870 200000 | 855 848 37 37
922 200000 | 908 906 30 30
901 200000 | 885 883 34 34
882 200000 | 871 853 40 40
923 200000 | 907 900 39 39
854 200000 | 840 834 34 34
911 200000 | 900 889 33 33
917 200000 | 908 879 47 47
864 200000 | 852 844 32 32
888 200000 | 866 871 39 39
843 200000 | 835 823 28 28
847 200000 | 833 829 32 32
869 200000 | 854 845 39 39
856 200000 | 843 838 31 31
925 200000 | 916 892 42 42
870 200000 | 860 846 34 34
944 200000 | 935 917 36 36
865 200000 | 858 850 22 22
880 200000 | 869 859 32 32
879 200000 | 860 849 49 49
906 200000 | 897 884 31 31
941 200000 | 933 915 34 34
863 200000 | 849 845 32 32
911 200000 | 897 887 38 38
843 200000 | 830 823 33 33
