1377 200000 | 689 1350 715 715
1417 200000 | 713 1383 738 738
1365 200000 | 690 1329 711 711
1435 200000 | 750 1394 726 726
1365 200000 | 712 1332 686 686
1369 200000 | 676 1332 730 730
1426 200000 | 735 1382 735 735
1346 200000 | 694 1319 679 679
1393 200000 | 719 1356 711 711
1352 200000 | 708 1309 687 687
1405 200000 | 698 1366 746 746
1353 200000 | 691 1318 697 697
1292 200000 | 645 1249 690 690
1367 200000 | 692 1332 710 710
1397 200000 | 724 1352 718 718
1411 200000 | 726 1365 731 731
1310 200000 | 676 1274 670 670
1394 200000 | 707 1367 714 714
1422 200000 | 692 1388 764 764
1404 200000 | 713 1369 726 726
1430 200000 | 718 1390 752 752
1347 200000 | 688 1315 691 691
1348 200000 | 693 1315 688 688
1397 200000 | 740 1358 696 696
1425 200000 | 747 1382 721 721
1337 200000 | 667 1308 699 699
1383 200000 | 676 1338 752 752
1315 200000 | 720 1275 635 635
1374 200000 | 709 1341 698 698
1305 200000 | 677 1261 672 672
1383 200000 | 695 1345 726 726
1394 200000 | 718 1350 720 720
1346 200000 | 666 1314 712 712
1378 200000 | 732 1328 696 696
1358 200000 | 682 1319 715 715
1406 200000 | 714 1372 726 726
1373 200000 | 705 1338 703 703
