120 200000 | 71 120 49 49
146 200000 | 67 146 79 79
122 200000 | 63 122 59 59
117 200000 | 56 117 61 61
148 200000 | 69 148 79 79
141 200000 | 63 141 78 78
150 200000 | 84 150 66 66
161 200000 | 77 161 84 84
128 200000 | 61 128 67 67
136 200000 | 66 136 70 70
123 200000 | 69 123 54 54
118 200000 | 54 118 64 64
137 200000 | 66 136 72 72
138 200000 | 76 138 62 62
129 200000 | 52 129 77 77
141 200000 | 59 141 82 82
139 200000 | 77 138 63 63
149 200000 | 78 149 71 71
130 200000 | 60 130 70 70
145 200000 | 83 145 62 62
143 200000 | 82 141 63 63
153 200000 | 85 153 68 68
129 200000 | 68 129 61 61
134 200000 | 69 134 65 65
150 200000 | 76 150 74 74
122 200000 | 65 122 57 57
148 200000 | 70 148 78 78
143 200000 | 74 142 70 70
130 200000 | 60 130 70 70
146 200000 | 70 146 76 76
163 200000 | 81 163 82 82
123 200000 | 68 123 55 55
150 200000 | 65 150 85 85
130 200000 | 72 130 58 58
132 200000 | 66 132 66 66
135 200000 | 67 135 68 68
116 200000 | 68 116 48 48
129 200000 | 59 129 70 70
126 200000 | 58 126 68 68
131 200000 | 61 129 72 72
132 200000 | 72 132 60 60
120 200000 | 74 119 47 47
136 200000 | 68 135 69 69
129 200000 | 70 129 59 59
118 200000 | 57 118 61 61
115 200000 | 51 115 64 64
142 200000 | 67 142 75 75
123 200000 | 55 123 68 68
152 200000 | 78 150 76 76
150 200000 | 81 149 70 70
139 200000 | 67 138 73 73
133 200000 | 69 133 64 64
117 200000 | 63 116 55 55
141 200000 | 62 140 80 80
147 200000 | 75 147 72 72
135 200000 | 66 135 69 69
143 200000 | 83 143 60 60
143 200000 | 74 142 70 70
158 200000 | 79 157 80 80
131 200000 | 67 131 64 64
127 200000 | 71 126 57 57
130 200000 | 70 130 60 60
144 200000 | 82 143 63 63
138 200000 | 51 138 87 87
122 200000 | 60 122 62 62
147 200000 | 79 147 68 68
135 200000 | 70 135 65 65
134 200000 | 70 134 64 64
157 200000 | 72 157 85 85
127 200000 | 64 127 63 63
118 200000 | 54 117 65 65
121 200000 | 61 119 62 62
109 200000 | 54 108 56 56
119 200000 | 63 119 56 56
129 200000 | 70 128 60 60
140 200000 | 76 137 67 67
143 200000 | 67 141 78 78
122 200000 | 64 121 59 59
141 200000 | 77 140 65 65
134 200000 | 72 132 64 64
135 200000 | 64 133 73 73
124 200000 | 65 122 61 61
138 200000 | 65 137 74 74
132 200000 | 59 132 73 73
127 200000 | 65 125 64 64
144 200000 | 72 144 72 72
122 200000 | 61 121 62 62
115 200000 | 60 114 56 56
143 200000 | 68 143 75 75
114 200000 | 53 114 61 61
134 200000 | 67 131 70 70
136 200000 | 72 136 64 64
137 200000 | 69 136 69 69
129 200000 | 68 129 61 61
145 200000 | 83 144 63 63
152 200000 | 75 152 77 77
127 200000 | 62 126 66 66
131 200000 | 67 131 64 64
122 200000 | 65 122 57 57
116 200000 | 62 116 54 54
127 200000 | 56 127 71 71
139 200000 | 73 138 67 67
135 200000 | 68 135 67 67
105 200000 | 52 104 54 54
140 200000 | 64 139 77 77
113 200000 | 54 113 59 59
145 200000 | 83 144 63 63
130 200000 | 71 130 59 59
138 200000 | 66 137 73 73
154 200000 | 83 153 72 72
126 200000 | 67 125 60 60
138 200000 | 73 138 65 65
137 200000 | 71 136 67 67
126 200000 | 57 126 69 69
120 200000 | 55 120 65 65
125 200000 | 56 124 70 70
138 200000 | 73 138 65 65
142 200000 | 78 142 64 64
131 200000 | 68 131 63 63
117 200000 | 54 116 64 64
119 200000 | 51 118 69 69
139 200000 | 69 138 71 71
139 200000 | 72 139 67 67
125 200000 | 70 124 56 56
125 200000 | 62 125 63 63
152 200000 | 74 150 80 80
134 200000 | 59 134 75 75
131 200000 | 62 131 69 69
147 200000 | 75 147 72 72
134 200000 | 70 134 64 64
124 200000 | 70 123 55 55
162 200000 | 85 160 79 79
118 200000 | 50 118 68 68
117 200000 | 52 117 65 65
141 200000 | 73 141 68 68
140 200000 | 81 139 60 60
119 200000 | 68 118 52 52
124 200000 | 54 124 70 70
126 200000 | 60 126 66 66
140 200000 | 75 139 66 66
133 200000 | 67 132 67 67
131 200000 | 70 129 63 63
145 200000 | 72 145 73 73
141 200000 | 81 140 61 61
131 200000 | 62 131 69 69
142 200000 | 83 142 59 59
145 200000 | 73 143 74 74
146 200000 | 80 144 68 68
144 200000 | 64 143 81 81
115 200000 | 66 115 49 49
137 200000 | 59 137 78 78
115 200000 | 57 115 58 58
132 200000 | 65 132 67 67
134 200000 | 55 134 79 79
116 200000 | 68 115 49 49
112 200000 | 61 112 51 51
119 200000 | 63 119 56 56
132 200000 | 60 132 72 72
119 200000 | 67 119 52 52
164 200000 | 89 163 76 76
130 200000 | 61 130 69 69
120 200000 | 67 120 53 53
144 200000 | 66 144 78 78
111 200000 | 61 111 50 50
123 200000 | 56 123 67 67
138 200000 | 67 138 71 71
129 200000 | 63 128 67 67
125 200000 | 57 124 69 69
131 200000 | 73 131 58 58
95 200000 | 45 93 52 52
143 200000 | 65 143 78 78
122 200000 | 54 122 68 68
140 200000 | 77 139 64 64
143 200000 | 67 143 76 76
130 200000 | 68 130 62 62
133 200000 | 72 132 62 62
135 200000 | 64 133 73 73
142 200000 | 76 142 66 66
122 200000 | 70 122 52 52
138 200000 | 62 137 77 77
136 200000 | 67 136 69 69
136 200000 | 61 136 75 75
115 200000 | 54 115 61 61
137 200000 | 79 137 58 58
137 200000 | 68 137 69 69
126 200000 | 57 125 70 70
134 200000 | 77 133 58 58
119 200000 | 55 119 64 64
146 200000 | 57 146 89 89
123 200000 | 54 123 69 69
132 200000 | 59 132 73 73
126 200000 | 66 126 60 60
152 200000 | 79 151 74 74
142 200000 | 68 142 74 74
142 200000 | 74 142 68 68
150 200000 | 78 150 72 72
142 200000 | 79 141 64 64
140 200000 | 69 140 71 71
138 200000 | 53 138 85 85
159 200000 | 73 159 86 86
113 200000 | 72 112 42 42
122 200000 | 64 122 58 58
150 200000 | 77 149 74 74
143 200000 | 72 143 71 71
143 200000 | 74 143 69 69
140 200000 | 68 140 72 72
135 200000 | 57 134 79 79
121 200000 | 58 121 63 63
138 200000 | 68 138 70 70
128 200000 | 70 127 59 59
133 200000 | 78 133 55 55
137 200000 | 76 137 61 61
129 200000 | 63 129 66 66
120 200000 | 68 120 52 52
121 200000 | 60 121 61 61
143 200000 | 71 143 72 72
117 200000 | 41 117 76 76
129 200000 | 63 129 66 66
153 200000 | 78 153 75 75
126 200000 | 65 126 61 61
127 200000 | 63 127 64 64
117 200000 | 57 116 61 61
120 200000 | 69 119 52 52
119 200000 | 56 119 63 63
139 200000 | 67 139 72 72
138 200000 | 70 138 68 68
137 200000 | 68 137 69 69
124 200000 | 65 123 60 60
132 200000 | 63 132 69 69
136 200000 | 64 134 74 74
137 200000 | 71 135 68 68
125 200000 | 63 123 64 64
133 200000 | 53 133 80 80
152 200000 | 75 150 79 79
129 200000 | 67 129 62 62
127 200000 | 75 126 53 53
126 200000 | 60 125 67 67
131 200000 | 67 130 65 65
135 200000 | 55 135 80 80
123 200000 | 65 122 59 59
121 200000 | 59 121 62 62
112 200000 | 62 112 50 50
133 200000 | 64 133 69 69
157 200000 | 81 157 76 76
128 200000 | 77 128 51 51
144 200000 | 67 143 78 78
137 200000 | 75 137 62 62
134 200000 | 57 134 77 77
144 200000 | 77 143 68 68
147 200000 | 75 147 72 72
130 200000 | 67 130 63 63
148 200000 | 72 147 77 77
152 200000 | 80 152 72 72
126 200000 | 59 126 67 67
114 200000 | 58 111 59 59
147 200000 | 73 146 75 75
140 200000 | 71 140 69 69
155 200000 | 75 155 80 80
140 200000 | 68 140 72 72
131 200000 | 71 130 61 61
141 200000 | 73 140 69 69
135 200000 | 67 135 68 68
140 200000 | 74 138 68 68
141 200000 | 71 141 70 70
118 200000 | 70 118 48 48
138 200000 | 74 138 64 64
138 200000 | 75 138 63 63
120 200000 | 60 120 60 60
125 200000 | 58 125 67 67
120 200000 | 68 120 52 52
119 200000 | 59 119 60 60
133 200000 | 70 133 63 63
143 200000 | 84 143 59 59
129 200000 | 57 129 72 72
137 200000 | 74 137 63 63
137 200000 | 66 137 71 71
149 200000 | 72 148 78 78
137 200000 | 69 136 69 69
128 200000 | 59 127 70 70
130 200000 | 74 128 58 58
134 200000 | 74 134 60 60
140 200000 | 73 138 69 69
115 200000 | 55 115 60 60
142 200000 | 71 142 71 71
146 200000 | 75 146 71 71
133 200000 | 66 133 67 67
126 200000 | 59 126 67 67
139 200000 | 67 139 72 72
125 200000 | 62 125 63 63
136 200000 | 64 136 72 72
139 200000 | 69 138 71 71
126 200000 | 67 126 59 59
121 200000 | 57 121 64 64
147 200000 | 69 147 78 78
156 200000 | 66 156 90 90
141 200000 | 73 140 69 69
143 200000 | 71 142 73 73
134 200000 | 52 134 82 82
117 200000 | 52 117 65 65
146 200000 | 65 146 81 81
139 200000 | 76 139 63 63
138 200000 | 76 138 62 62
130 200000 | 64 128 68 68
148 200000 | 67 148 81 81
136 200000 | 74 136 62 62
121 200000 | 66 120 56 56
111 200000 | 62 111 49 49
151 200000 | 73 151 78 78
118 200000 | 59 116 61 61
127 200000 | 63 127 64 64
123 200000 | 70 123 53 53
118 200000 | 61 118 57 57
139 200000 | 76 139 63 63
154 200000 | 73 153 82 82
124 200000 | 49 124 75 75
135 200000 | 60 135 75 75
145 200000 | 77 145 68 68
122 200000 | 63 121 60 60
143 200000 | 65 143 78 78
135 200000 | 71 135 64 64
122 200000 | 51 121 72 72
150 200000 | 67 148 85 85
144 200000 | 75 144 69 69
137 200000 | 64 137 73 73
140 200000 | 62 140 78 78
138 200000 | 76 138 62 62
122 200000 | 67 120 57 57
147 200000 | 73 146 75 75
122 200000 | 69 122 53 53
112 200000 | 60 111 53 53
126 200000 | 59 126 67 67
134 200000 | 67 134 67 67
146 200000 | 70 146 76 76
138 200000 | 62 138 76 76
125 200000 | 61 125 64 64
110 200000 | 53 110 57 57
116 200000 | 60 115 57 57
137 200000 | 69 137 68 68
115 200000 | 57 115 58 58
141 200000 | 80 141 61 61
134 200000 | 55 133 80 80
144 200000 | 64 144 80 80
131 200000 | 59 131 72 72
128 200000 | 62 128 66 66
131 200000 | 61 131 70 70
131 200000 | 66 130 66 66
137 200000 | 68 137 69 69
146 200000 | 75 145 72 72
130 200000 | 61 129 70 70
135 200000 | 75 135 60 60
129 200000 | 62 129 67 67
131 200000 | 62 130 70 70
127 200000 | 56 126 72 72
125 200000 | 72 125 53 53
124 200000 | 55 123 70 70
136 200000 | 68 136 68 68
119 200000 | 54 119 65 65
138 200000 | 77 138 61 61
129 200000 | 68 128 62 62
116 200000 | 54 115 63 63
150 200000 | 70 148 82 82
123 200000 | 59 122 65 65
113 200000 | 53 112 61 61
159 200000 | 75 158 85 85
142 200000 | 67 142 75 75
148 200000 | 71 147 78 78
154 200000 | 87 154 67 67
131 200000 | 71 130 61 61
129 200000 | 75 127 56 56
117 200000 | 58 117 59 59
136 200000 | 67 136 69 69
122 200000 | 59 122 63 63
129 200000 | 67 129 62 62
147 200000 | 79 147 68 68
138 200000 | 70 137 69 69
120 200000 | 47 119 74 74
