68 200000 | 39 40 57 57
74 200000 | 37 50 61 61
44 200000 | 19 31 38 38
52 200000 | 31 35 38 38
57 200000 | 25 38 51 51
56 200000 | 22 40 50 50
64 200000 | 36 44 48 48
38 200000 | 25 22 29 29
60 200000 | 28 44 48 48
48 200000 | 22 33 41 41
58 200000 | 27 40 49 49
59 200000 | 29 40 49 49
56 200000 | 27 39 46 46
59 200000 | 30 38 50 50
64 200000 | 35 42 51 51
63 200000 | 38 38 50 50
70 200000 | 41 45 54 54
57 200000 | 24 41 49 49
58 200000 | 28 43 45 45
60 200000 | 33 32 55 55
65 200000 | 30 41 59 59
55 200000 | 27 37 46 46
47 200000 | 26 32 36 36
50 200000 | 27 31 42 42
68 200000 | 40 39 57 57
61 200000 | 34 35 53 53
57 200000 | 24 43 47 47
60 200000 | 24 44 52 52
65 200000 | 24 51 55 55
60 200000 | 30 40 50 50
73 200000 | 47 45 54 54
57 200000 | 29 40 45 45
58 200000 | 22 41 53 53
59 200000 | 33 38 47 47
59 200000 | 32 40 46 46
69 200000 | 34 43 61 61
61 200000 | 34 43 45 45
57 200000 | 29 35 50 50
58 200000 | 33 33 50 50
68 200000 | 36 46 54 54
60 200000 | 28 35 57 57
45 200000 | 24 27 39 39
59 200000 | 38 35 45 45
69 200000 | 32 49 57 57
67 200000 | 37 43 54 54
71 200000 | 30 55 57 57
69 200000 | 37 44 57 57
61 200000 | 36 34 52 52
57 200000 | 32 36 46 46
66 200000 | 27 43 62 62
40 200000 | 18 28 34 34
65 200000 | 38 40 52 52
54 200000 | 27 41 40 40
50 200000 | 25 32 43 43
69 200000 | 36 46 56 56
62 200000 | 37 38 49 49
51 200000 | 28 29 45 45
58 200000 | 29 38 49 49
56 200000 | 25 39 48 48
58 200000 | 31 38 47 47
46 200000 | 22 29 41 41
66 200000 | 38 45 49 49
51 200000 | 20 35 47 47
59 200000 | 34 33 51 51
48 200000 | 24 29 43 43
50 200000 | 25 34 41 41
59 200000 | 33 40 45 45
84 200000 | 43 51 74 74
61 200000 | 32 39 51 51
48 200000 | 28 26 42 42
84 200000 | 45 51 72 72
60 200000 | 27 41 52 52
60 200000 | 30 42 48 48
55 200000 | 27 40 43 43
50 200000 | 26 33 41 41
65 200000 | 37 34 59 59
50 200000 | 23 36 41 41
58 200000 | 32 39 45 45
60 200000 | 28 41 51 51
63 200000 | 27 43 56 56
59 200000 | 32 37 49 49
65 200000 | 34 41 55 55
64 200000 | 36 37 55 55
64 200000 | 33 40 55 55
63 200000 | 28 46 52 52
59 200000 | 28 36 54 54
64 200000 | 30 44 54 54
56 200000 | 29 38 45 45
63 200000 | 35 34 57 57
58 200000 | 33 30 53 53
52 200000 | 21 38 45 45
64 200000 | 36 41 51 51
43 200000 | 19 31 36 36
71 200000 | 28 53 61 61
55 200000 | 23 44 43 43
66 200000 | 35 39 58 58
52 200000 | 23 36 45 45
43 200000 | 26 26 34 34
69 200000 | 33 53 52 52
55 200000 | 27 39 44 44
60 200000 | 35 34 51 51
62 200000 | 35 39 50 50
50 200000 | 29 31 40 40
57 200000 | 25 43 46 46
55 200000 | 33 37 40 40
57 200000 | 28 40 46 46
50 200000 | 21 37 42 42
59 200000 | 27 39 52 52
54 200000 | 27 36 45 45
67 200000 | 39 37 58 58
59 200000 | 30 40 48 48
53 200000 | 22 42 42 42
61 200000 | 34 38 50 50
84 200000 | 48 50 70 70
60 200000 | 33 39 48 48
48 200000 | 30 29 37 37
58 200000 | 29 37 50 50
74 200000 | 39 45 64 64
63 200000 | 33 40 53 53
81 200000 | 41 56 65 65
64 200000 | 36 42 50 50
58 200000 | 28 34 54 54
53 200000 | 25 35 46 46
56 200000 | 25 41 46 46
52 200000 | 25 34 45 45
51 200000 | 25 39 38 38
47 200000 | 30 28 36 36
53 200000 | 28 35 43 43
49 200000 | 21 34 43 43
68 200000 | 36 46 54 54
50 200000 | 18 35 47 47
65 200000 | 28 46 56 56
54 200000 | 32 33 43 43
53 200000 | 23 38 45 45
54 200000 | 26 35 47 47
54 200000 | 28 35 45 45
58 200000 | 21 45 50 50
70 200000 | 45 42 53 53
61 200000 | 31 42 49 49
71 200000 | 37 47 58 58
58 200000 | 29 41 46 46
53 200000 | 32 36 38 38
43 200000 | 27 27 32 32
57 200000 | 28 42 44 44
66 200000 | 32 43 57 57
50 200000 | 25 30 45 45
50 200000 | 22 34 44 44
55 200000 | 25 37 48 48
49 200000 | 22 38 38 38
48 200000 | 26 27 43 43
68 200000 | 26 52 58 58
67 200000 | 33 47 54 54
58 200000 | 25 42 49 49
54 200000 | 24 43 41 41
48 200000 | 27 29 40 40
55 200000 | 34 34 42 42
56 200000 | 33 33 46 46
61 200000 | 29 40 53 53
62 200000 | 27 43 54 54
55 200000 | 29 35 46 46
60 200000 | 26 38 56 56
53 200000 | 29 39 38 38
56 200000 | 27 37 48 48
58 200000 | 31 36 49 49
54 200000 | 28 37 43 43
71 200000 | 38 42 62 62
58 200000 | 30 35 51 51
61 200000 | 27 41 54 54
57 200000 | 28 33 53 53
69 200000 | 38 41 59 59
63 200000 | 38 38 50 50
53 200000 | 31 35 40 40
62 200000 | 28 48 48 48
59 200000 | 29 42 47 47
57 200000 | 28 36 50 50
61 200000 | 23 45 54 54
46 200000 | 22 31 39 39
50 200000 | 26 33 41 41
61 200000 | 33 41 48 48
57 200000 | 30 36 48 48
46 200000 | 22 40 30 30
68 200000 | 33 47 56 56
62 200000 | 35 40 49 49
80 200000 | 33 61 66 66
55 200000 | 29 37 44 44
55 200000 | 31 38 41 41
65 200000 | 40 38 52 52
58 200000 | 30 44 42 42
58 200000 | 27 42 47 47
67 200000 | 32 41 61 61
58 200000 | 30 40 46 46
53 200000 | 26 38 42 42
