654 200000 | 335 505 468 468
632 200000 | 320 473 471 471
681 200000 | 334 516 512 512
640 200000 | 318 485 477 477
653 200000 | 312 504 490 490
632 200000 | 308 464 492 492
660 200000 | 333 497 490 490
604 200000 | 309 437 462 462
678 200000 | 348 493 515 515
674 200000 | 342 485 521 521
635 200000 | 318 472 480 480
653 200000 | 321 508 477 477
651 200000 | 328 482 492 492
660 200000 | 338 502 480 480
678 200000 | 348 513 495 495
719 200000 | 367 531 540 540
652 200000 | 345 490 469 469
690 200000 | 334 512 534 534
631 200000 | 336 471 455 455
670 200000 | 341 488 511 511
643 200000 | 345 469 472 472
661 200000 | 326 488 508 508
672 200000 | 355 497 492 492
608 200000 | 322 445 449 449
638 200000 | 338 451 487 487
641 200000 | 302 499 481 481
672 200000 | 322 524 498 498
615 200000 | 308 469 453 453
632 200000 | 350 449 465 465
647 200000 | 333 487 474 474
665 200000 | 333 508 489 489
630 200000 | 317 475 468 468
604 200000 | 307 467 434 434
668 200000 | 325 495 516 516
651 200000 | 334 474 494 494
642 200000 | 302 466 516 516
653 200000 | 306 496 504 504
686 200000 | 328 514 530 530
639 200000 | 320 468 490 490
644 200000 | 341 477 470 470
599 200000 | 307 438 453 453
636 200000 | 341 464 467 467
620 200000 | 319 467 454 454
637 200000 | 309 483 482 482
616 200000 | 305 471 456 456
647 200000 | 317 511 466 466
637 200000 | 336 474 464 464
641 200000 | 324 474 484 484
618 200000 | 320 459 457 457
647 200000 | 316 484 494 494
644 200000 | 332 467 489 489
658 200000 | 331 499 486 486
691 200000 | 346 517 519 519
582 200000 | 311 427 426 426
631 200000 | 326 470 466 466
622 200000 | 318 467 459 459
656 200000 | 327 483 502 502
655 200000 | 342 475 493 493
653 200000 | 321 494 491 491
615 200000 | 333 444 453 453
631 200000 | 315 469 478 478
641 200000 | 324 483 475 475
634 200000 | 331 471 466 466
667 200000 | 345 485 504 504
649 200000 | 332 485 481 481
677 200000 | 323 524 507 507
641 200000 | 326 493 463 463
629 200000 | 313 484 461 461
635 200000 | 336 447 487 487
676 200000 | 349 492 511 511
642 200000 | 333 474 477 477
682 200000 | 350 495 519 519
616 200000 | 305 458 469 469
619 200000 | 327 453 458 458
692 200000 | 333 531 520 520
655 200000 | 318 502 490 490
637 200000 | 309 478 487 487
676 200000 | 358 496 498 498
