945 200000 | 630 480 780 780
933 200000 | 594 500 772 772
876 200000 | 612 428 712 712
1004 200000 | 661 523 824 824
904 200000 | 582 466 760 760
918 200000 | 621 455 760 760
922 200000 | 621 444 779 779
902 200000 | 609 467 728 728
927 200000 | 615 457 782 782
917 200000 | 600 491 743 743
923 200000 | 596 468 782 782
883 200000 | 569 458 739 739
944 200000 | 652 464 772 772
983 200000 | 662 506 798 798
934 200000 | 629 462 777 777
913 200000 | 591 470 765 765
1020 200000 | 668 510 862 862
910 200000 | 634 449 737 737
917 200000 | 618 428 788 788
892 200000 | 582 445 757 757
949 200000 | 659 444 795 795
879 200000 | 574 475 709 709
915 200000 | 582 469 779 779
938 200000 | 627 484 765 765
952 200000 | 621 507 776 776
929 200000 | 601 481 776 776
874 200000 | 560 454 734 734
914 200000 | 626 446 756 756
879 200000 | 544 474 740 740
980 200000 | 671 501 788 788
972 200000 | 632 511 801 801
893 200000 | 588 465 733 733
882 200000 | 604 431 729 729
946 200000 | 634 476 782 782
865 200000 | 608 416 706 706
923 200000 | 616 478 752 752
895 200000 | 604 448 738 738
925 200000 | 622 466 762 762
916 200000 | 582 505 745 745
907 200000 | 600 467 747 747
881 200000 | 594 434 734 734
975 200000 | 647 498 805 805
918 200000 | 603 485 748 748
979 200000 | 649 498 811 811
937 200000 | 610 498 766 766
910 200000 | 610 448 762 762
908 200000 | 603 475 738 738
914 200000 | 609 474 745 745
902 200000 | 588 493 723 723
922 200000 | 612 464 768 768
899 200000 | 574 465 759 759
936 200000 | 639 458 775 775
951 200000 | 661 455 786 786
894 200000 | 597 427 764 764
978 200000 | 653 503 800 800
