384 200000 | 139 380 249 249
364 200000 | 120 362 246 246
352 200000 | 117 348 239 239
352 200000 | 120 351 233 233
369 200000 | 120 367 251 251
375 200000 | 140 372 238 238
331 200000 | 102 329 231 231
373 200000 | 122 372 252 252
396 200000 | 138 395 259 259
408 200000 | 132 407 277 277
396 200000 | 133 394 265 265
329 200000 | 117 329 212 212
359 200000 | 115 358 245 245
386 200000 | 142 384 246 246
333 200000 | 107 331 228 228
349 200000 | 121 347 230 230
362 200000 | 126 359 239 239
360 200000 | 109 359 252 252
353 200000 | 124 352 230 230
383 200000 | 121 379 266 266
342 200000 | 107 340 237 237
363 200000 | 116 362 248 248
380 200000 | 127 379 254 254
340 200000 | 123 336 221 221
369 200000 | 118 369 251 251
364 200000 | 131 364 233 233
368 200000 | 126 368 242 242
368 200000 | 131 364 241 241
363 200000 | 109 363 254 254
336 200000 | 129 334 209 209
358 200000 | 111 356 249 249
377 200000 | 143 374 237 237
372 200000 | 132 369 243 243
353 200000 | 126 353 227 227
381 200000 | 134 380 248 248
336 200000 | 114 333 225 225
365 200000 | 141 364 225 225
333 200000 | 102 333 231 231
357 200000 | 133 357 224 224
364 200000 | 120 361 247 247
362 200000 | 117 361 246 246
372 200000 | 131 371 242 242
357 200000 | 132 355 227 227
372 200000 | 147 370 227 227
333 200000 | 112 329 225 225
360 200000 | 121 359 240 240
355 200000 | 125 355 230 230
352 200000 | 126 350 228 228
363 200000 | 132 363 231 231
386 200000 | 129 384 259 259
353 200000 | 122 353 231 231
362 200000 | 126 362 236 236
364 200000 | 111 362 255 255
346 200000 | 114 344 234 234
400 200000 | 149 399 252 252
378 200000 | 137 376 243 243
372 200000 | 130 370 244 244
392 200000 | 139 389 256 256
365 200000 | 124 363 243 243
371 200000 | 123 371 248 248
376 200000 | 115 374 263 263
353 200000 | 130 353 223 223
367 200000 | 110 364 260 260
354 200000 | 117 352 239 239
361 200000 | 122 361 239 239
369 200000 | 106 368 264 264
351 200000 | 142 349 211 211
387 200000 | 123 386 265 265
406 200000 | 146 404 262 262
335 200000 | 112 335 223 223
378 200000 | 133 375 248 248
353 200000 | 113 352 241 241
346 200000 | 121 343 228 228
342 200000 | 122 338 224 224
365 200000 | 127 363 240 240
327 200000 | 102 325 227 227
386 200000 | 113 384 275 275
397 200000 | 145 395 254 254
347 200000 | 103 346 245 245
356 200000 | 121 355 236 236
318 200000 | 95 318 223 223
355 200000 | 127 353 230 230
340 200000 | 117 340 223 223
350 200000 | 115 349 236 236
344 200000 | 106 341 241 241
397 200000 | 123 393 278 278
408 200000 | 139 407 270 270
340 200000 | 120 339 221 221
347 200000 | 132 346 216 216
346 200000 | 138 346 208 208
361 200000 | 128 360 234 234
389 200000 | 116 389 273 273
370 200000 | 141 369 230 230
386 200000 | 132 384 256 256
367 200000 | 122 365 247 247
347 200000 | 109 346 239 239
396 200000 | 144 394 254 254
352 200000 | 104 351 249 249
346 200000 | 121 345 226 226
349 200000 | 121 348 229 229
317 200000 | 93 315 226 226
351 200000 | 109 350 243 243
318 200000 | 118 317 201 201
374 200000 | 117 373 258 258
332 200000 | 107 329 228 228
410 200000 | 125 408 287 287
365 200000 | 143 363 224 224
372 200000 | 130 367 247 247
365 200000 | 129 361 240 240
358 200000 | 131 356 229 229
357 200000 | 127 353 234 234
404 200000 | 132 403 273 273
381 200000 | 135 380 247 247
381 200000 | 119 378 265 265
385 200000 | 128 384 258 258
370 200000 | 128 370 242 242
362 200000 | 124 360 240 240
397 200000 | 126 395 273 273
340 200000 | 105 339 236 236
349 200000 | 118 346 234 234
363 200000 | 124 363 239 239
345 200000 | 124 344 222 222
389 200000 | 144 386 248 248
356 200000 | 126 354 232 232
372 200000 | 140 370 234 234
335 200000 | 109 331 230 230
380 200000 | 123 380 257 257
369 200000 | 124 368 246 246
373 200000 | 116 372 258 258
366 200000 | 117 363 252 252
374 200000 | 147 372 229 229
358 200000 | 122 358 236 236
345 200000 | 112 343 235 235
354 200000 | 140 351 217 217
384 200000 | 124 382 262 262
334 200000 | 123 334 211 211
363 200000 | 117 362 247 247
352 200000 | 129 349 226 226
