751 200000 | 287 742 473 473
762 200000 | 264 757 503 503
748 200000 | 252 737 507 507
752 200000 | 233 742 529 529
772 200000 | 267 766 511 511
769 200000 | 282 763 493 493
730 200000 | 253 724 483 483
737 200000 | 253 732 489 489
735 200000 | 258 722 490 490
723 200000 | 260 715 471 471
766 200000 | 239 759 534 534
709 200000 | 247 703 468 468
724 200000 | 255 719 474 474
767 200000 | 276 760 498 498
726 200000 | 274 717 461 461
730 200000 | 234 723 503 503
740 200000 | 251 733 496 496
690 200000 | 238 683 459 459
762 200000 | 252 759 513 513
786 200000 | 276 781 515 515
697 200000 | 247 695 452 452
703 200000 | 216 699 491 491
718 200000 | 232 711 493 493
752 200000 | 262 746 496 496
706 200000 | 259 700 453 453
734 200000 | 239 728 501 501
703 200000 | 231 698 477 477
711 200000 | 262 709 451 451
752 200000 | 266 749 489 489
686 200000 | 237 685 450 450
782 200000 | 248 779 537 537
722 200000 | 259 716 469 469
738 200000 | 258 730 488 488
695 200000 | 240 686 464 464
709 200000 | 233 705 480 480
742 200000 | 273 736 475 475
733 200000 | 260 729 477 477
740 200000 | 260 736 484 484
769 200000 | 274 768 496 496
757 200000 | 242 756 516 516
714 200000 | 264 700 464 464
746 200000 | 253 741 498 498
729 200000 | 241 722 495 495
770 200000 | 279 763 498 498
733 200000 | 273 730 463 463
767 200000 | 273 761 500 500
697 200000 | 248 687 459 459
665 200000 | 230 660 440 440
692 200000 | 225 687 472 472
725 200000 | 241 717 492 492
744 200000 | 275 738 475 475
727 200000 | 262 722 470 470
722 200000 | 242 720 482 482
747 200000 | 260 738 496 496
727 200000 | 240 720 494 494
763 200000 | 269 755 502 502
720 200000 | 232 711 497 497
715 200000 | 241 708 481 481
747 200000 | 253 742 499 499
744 200000 | 254 738 496 496
754 200000 | 250 747 511 511
707 200000 | 236 704 474 474
737 200000 | 245 733 496 496
767 200000 | 254 761 519 519
734 200000 | 236 726 506 506
695 200000 | 255 688 447 447
741 200000 | 268 734 480 480
698 200000 | 241 690 465 465
742 200000 | 248 736 500 500
