573 200000 | 302 522 322 322
531 200000 | 314 484 264 264
536 200000 | 300 501 271 271
588 200000 | 336 553 287 287
535 200000 | 314 487 269 269
555 200000 | 325 510 275 275
555 200000 | 328 519 263 263
526 200000 | 300 496 256 256
568 200000 | 300 516 320 320
519 200000 | 288 494 256 256
514 200000 | 287 479 262 262
567 200000 | 307 525 302 302
490 200000 | 275 468 237 237
530 200000 | 292 489 279 279
569 200000 | 323 522 293 293
326 123292 | 188 305 159 159
332 123292 | 203 307 154 154
301 123292 | 173 282 147 147
355 123292 | 194 337 179 179
349 123292 | 198 327 173 173
319 123292 | 159 299 180 180
556 200000 | 296 505 311 311
513 200000 | 290 485 251 251
509 200000 | 307 465 246 246
513 200000 | 300 482 244 244
550 200000 | 315 519 266 266
554 200000 | 307 515 286 286
506 200000 | 281 463 268 268
496 200000 | 260 464 268 268
542 200000 | 298 510 276 276
583 200000 | 352 530 284 284
549 200000 | 300 507 291 291
536 200000 | 294 507 271 271
540 200000 | 306 499 275 275
532 200000 | 301 488 275 275
