1316 200000 | 1275 667 690 690
1277 200000 | 1231 643 680 680
1346 200000 | 1312 681 699 699
1369 200000 | 1318 695 725 725
1299 200000 | 1261 673 664 664
1384 200000 | 1336 704 728 728
1290 200000 | 1229 652 699 699
1286 200000 | 1235 654 683 683
1334 200000 | 1290 649 729 729
1299 200000 | 1249 699 650 650
1333 200000 | 1281 690 695 695
1333 200000 | 1289 714 663 663
1359 200000 | 1307 711 700 700
1356 200000 | 1307 704 701 701
1342 200000 | 1296 675 713 713
1298 200000 | 1250 641 705 705
1295 200000 | 1253 674 663 663
1286 200000 | 1240 677 655 655
1342 200000 | 1290 731 663 663
1343 200000 | 1294 705 687 687
1321 200000 | 1264 678 700 700
1287 200000 | 1236 661 677 677
1310 200000 | 1269 635 716 716
1292 200000 | 1254 647 683 683
1321 200000 | 1269 699 674 674
1346 200000 | 1302 690 700 700
1352 200000 | 1311 678 715 715
1303 200000 | 1245 652 709 709
1312 200000 | 1262 677 685 685
1350 200000 | 1302 692 706 706
1330 200000 | 1285 689 686 686
1331 200000 | 1290 677 695 695
1333 200000 | 1296 682 688 688
1314 200000 | 1272 710 646 646
1280 200000 | 1222 709 629 629
1373 200000 | 1327 714 705 705
1319 200000 | 1251 685 702 702
1329 200000 | 1290 673 695 695
