649 200000 | 639 334 325 325
668 200000 | 657 339 340 340
680 200000 | 669 338 353 353
643 200000 | 629 323 334 334
670 200000 | 653 345 342 342
655 200000 | 644 349 317 317
649 200000 | 635 333 330 330
627 200000 | 619 321 314 314
660 200000 | 645 331 344 344
650 200000 | 643 319 338 338
682 200000 | 667 358 339 339
697 200000 | 687 353 354 354
701 200000 | 697 361 344 344
659 200000 | 652 319 347 347
645 200000 | 625 310 355 355
639 200000 | 628 324 326 326
706 200000 | 697 361 354 354
628 200000 | 619 319 318 318
674 200000 | 659 347 342 342
642 200000 | 628 324 332 332
644 200000 | 637 322 329 329
615 200000 | 604 294 332 332
625 200000 | 613 314 323 323
650 200000 | 638 349 313 313
626 200000 | 610 319 323 323
640 200000 | 630 315 335 335
612 200000 | 597 324 303 303
650 200000 | 644 314 342 342
658 200000 | 645 355 316 316
673 200000 | 663 329 354 354
665 200000 | 652 326 352 352
653 200000 | 643 314 349 349
660 200000 | 654 333 333 333
604 200000 | 597 313 298 298
647 200000 | 637 321 336 336
630 200000 | 622 322 316 316
640 200000 | 629 314 337 337
670 200000 | 655 352 333 333
630 200000 | 617 302 341 341
667 200000 | 654 336 344 344
646 200000 | 638 308 346 346
683 200000 | 668 364 334 334
652 200000 | 637 331 336 336
629 200000 | 621 321 316 316
640 200000 | 625 329 326 326
658 200000 | 649 325 342 342
630 200000 | 621 296 343 343
679 200000 | 660 322 376 376
619 200000 | 606 307 325 325
663 200000 | 652 341 333 333
655 200000 | 643 310 357 357
638 200000 | 628 324 324 324
659 200000 | 647 327 344 344
676 200000 | 661 342 349 349
629 200000 | 622 312 324 324
625 200000 | 620 315 315 315
656 200000 | 646 338 328 328
650 200000 | 641 332 327 327
604 200000 | 592 284 332 332
635 200000 | 622 330 318 318
645 200000 | 637 329 324 324
638 200000 | 630 329 317 317
636 200000 | 624 304 344 344
672 200000 | 664 322 358 358
622 200000 | 609 313 322 322
632 200000 | 618 319 327 327
643 200000 | 630 306 350 350
646 200000 | 635 322 335 335
643 200000 | 630 317 339 339
609 200000 | 600 305 313 313
641 200000 | 629 315 338 338
677 200000 | 668 317 369 369
659 200000 | 645 334 339 339
632 200000 | 620 323 321 321
677 200000 | 661 337 356 356
682 200000 | 668 338 358 358
661 200000 | 650 337 335 335
