45 200000 | 42 22 26 26
46 200000 | 44 30 18 18
41 200000 | 40 27 15 15
35 200000 | 34 22 14 14
41 200000 | 40 24 18 18
44 200000 | 43 27 18 18
50 200000 | 49 25 26 26
37 200000 | 35 17 22 22
48 200000 | 46 28 22 22
38 200000 | 37 22 17 17
54 200000 | 53 34 21 21
37 200000 | 34 24 16 16
36 200000 | 36 18 18 18
43 200000 | 41 21 24 24
55 300000 | 54 27 29 29
67 300000 | 64 47 23 23
70 300000 | 68 37 35 35
63 300000 | 63 36 27 27
79 300000 | 77 46 35 35
63 300000 | 62 39 25 25
62 300000 | 59 29 36 36
68 300000 | 67 40 29 29
64 300000 | 62 32 34 34
65 300000 | 63 38 29 29
69 300000 | 68 38 32 32
70 300000 | 69 46 25 25
63 300000 | 59 39 28 28
66 300000 | 58 44 30 30
69 300000 | 68 41 29 29
58 300000 | 57 29 30 30
69 300000 | 66 40 32 32
56 300000 | 56 32 24 24
61 300000 | 60 35 27 27
60 300000 | 55 35 30 30
56 300000 | 54 26 32 32
59 300000 | 58 30 30 30
60 300000 | 60 33 27 27
75 300000 | 74 47 29 29
60 300000 | 58 35 27 27
76 300000 | 74 46 32 32
70 300000 | 70 39 31 31
62 300000 | 59 36 29 29
59 300000 | 59 35 24 24
62 300000 | 57 35 32 32
65 300000 | 63 32 35 35
57 300000 | 57 29 28 28
55 300000 | 54 30 26 26
67 300000 | 64 45 25 25
68 300000 | 68 35 33 33
59 300000 | 58 39 21 21
74 300000 | 72 40 36 36
49 300000 | 47 29 22 22
60 300000 | 59 32 29 29
67 300000 | 66 36 32 32
64 300000 | 63 33 32 32
63 300000 | 60 30 36 36
76 300000 | 73 42 37 37
48 300000 | 45 32 19 19
58 300000 | 56 33 27 27
71 300000 | 70 34 38 38
65 300000 | 63 37 30 30
52 300000 | 51 26 27 27
66 300000 | 62 39 31 31
71 300000 | 69 42 31 31
59 300000 | 59 28 31 31
66 300000 | 65 39 28 28
76 300000 | 73 46 33 33
59 300000 | 56 31 31 31
59 300000 | 56 35 27 27
62 300000 | 61 30 33 33
58 300000 | 56 29 31 31
60 300000 | 57 33 30 30
68 300000 | 67 38 31 31
70 300000 | 63 41 36 36
77 300000 | 75 45 34 34
76 300000 | 73 39 40 40
55 300000 | 53 31 26 26
49 300000 | 49 31 18 18
67 300000 | 63 38 33 33
82 300000 | 80 50 34 34
71 300000 | 67 44 31 31
62 300000 | 59 32 33 33
56 300000 | 56 31 25 25
71 300000 | 67 41 34 34
68 300000 | 67 32 37 37
75 300000 | 72 45 33 33
78 300000 | 75 49 32 32
74 300000 | 73 44 31 31
61 300000 | 59 38 25 25
68 300000 | 64 41 31 31
