201 200000 | 193 89 120 120
183 200000 | 173 80 113 113
206 200000 | 196 96 120 120
214 200000 | 210 80 138 138
198 200000 | 189 74 133 133
221 200000 | 215 97 130 130
216 200000 | 210 98 124 124
201 200000 | 194 88 120 120
197 200000 | 191 83 120 120
217 200000 | 209 93 132 132
187 200000 | 184 77 113 113
205 200000 | 201 82 127 127
192 200000 | 184 85 115 115
236 200000 | 223 102 147 147
200 200000 | 194 90 116 116
231 200000 | 222 112 128 128
212 200000 | 205 94 125 125
197 200000 | 192 80 122 122
230 200000 | 219 99 142 142
205 200000 | 200 84 126 126
221 200000 | 215 93 134 134
192 200000 | 183 68 133 133
214 200000 | 203 77 148 148
197 200000 | 188 93 113 113
170 200000 | 165 69 106 106
192 200000 | 187 73 124 124
216 200000 | 208 94 130 130
201 200000 | 195 84 123 123
194 200000 | 187 89 112 112
213 200000 | 202 90 134 134
220 200000 | 213 95 132 132
184 200000 | 174 84 110 110
213 200000 | 209 103 114 114
222 200000 | 215 100 129 129
183 200000 | 178 82 106 106
219 200000 | 211 90 137 137
207 200000 | 199 92 123 123
203 200000 | 194 84 128 128
197 200000 | 189 91 114 114
209 200000 | 197 85 136 136
197 200000 | 194 86 114 114
207 200000 | 197 76 141 141
214 200000 | 205 100 123 123
221 200000 | 212 101 129 129
229 200000 | 221 100 137 137
204 200000 | 198 92 118 118
215 200000 | 208 96 126 126
223 200000 | 211 105 130 130
217 200000 | 211 78 145 145
227 200000 | 219 101 134 134
221 200000 | 214 77 151 151
224 200000 | 218 90 140 140
205 200000 | 202 76 132 132
211 200000 | 205 81 136 136
223 200000 | 217 96 133 133
231 200000 | 222 86 154 154
210 200000 | 202 82 136 136
198 200000 | 188 86 122 122
216 200000 | 211 77 144 144
213 200000 | 206 93 127 127
192 200000 | 184 86 114 114
188 200000 | 183 94 99 99
220 200000 | 209 99 132 132
204 200000 | 202 80 126 126
199 200000 | 194 77 127 127
198 200000 | 192 86 118 118
198 200000 | 187 85 124 124
201 200000 | 195 93 114 114
210 200000 | 199 81 140 140
214 200000 | 210 81 137 137
202 200000 | 194 97 113 113
219 200000 | 214 88 136 136
210 200000 | 206 90 124 124
250 200000 | 238 112 150 150
227 200000 | 223 81 150 150
184 200000 | 182 77 109 109
224 200000 | 218 97 133 133
201 200000 | 194 78 130 130
243 200000 | 235 104 147 147
206 200000 | 196 86 130 130
216 200000 | 206 99 127 127
172 200000 | 171 68 105 105
192 200000 | 185 85 114 114
216 200000 | 209 86 137 137
196 200000 | 189 75 128 128
183 200000 | 178 86 102 102
192 200000 | 189 80 115 115
223 200000 | 214 97 135 135
207 200000 | 201 80 133 133
189 200000 | 183 82 113 113
193 200000 | 190 70 126 126
178 200000 | 174 74 108 108
201 200000 | 194 95 113 113
