137 200000 | 137 70 67 67
140 200000 | 139 71 70 70
137 200000 | 137 78 59 59
131 200000 | 130 72 60 60
129 200000 | 129 66 63 63
143 200000 | 143 63 80 80
125 200000 | 124 69 57 57
121 200000 | 119 64 59 59
113 200000 | 112 55 59 59
123 200000 | 123 61 62 62
114 200000 | 113 62 53 53
131 200000 | 131 64 67 67
113 200000 | 113 57 56 56
134 200000 | 133 80 55 55
123 200000 | 123 67 56 56
114 200000 | 114 63 51 51
120 200000 | 120 62 58 58
122 200000 | 122 51 71 71
128 200000 | 128 65 63 63
114 200000 | 114 60 54 54
133 200000 | 133 73 60 60
132 200000 | 132 63 69 69
115 200000 | 114 62 54 54
144 200000 | 144 67 77 77
128 200000 | 127 72 57 57
107 200000 | 107 48 59 59
127 200000 | 125 75 54 54
127 200000 | 127 62 65 65
120 200000 | 120 62 58 58
124 200000 | 124 54 70 70
123 200000 | 122 66 58 58
119 200000 | 119 57 62 62
125 200000 | 125 60 65 65
141 200000 | 141 61 80 80
105 200000 | 105 52 53 53
121 200000 | 120 61 61 61
125 200000 | 125 63 62 62
130 200000 | 130 58 72 72
102 200000 | 102 51 51 51
118 200000 | 118 58 60 60
114 200000 | 114 49 65 65
137 200000 | 137 63 74 74
128 200000 | 126 66 64 64
129 200000 | 128 60 70 70
118 200000 | 116 69 51 51
115 200000 | 113 65 52 52
129 200000 | 129 68 61 61
134 200000 | 133 73 62 62
128 200000 | 128 54 74 74
127 200000 | 127 53 74 74
140 200000 | 140 68 72 72
124 200000 | 124 75 49 49
143 200000 | 142 74 70 70
143 200000 | 142 75 69 69
139 200000 | 138 67 73 73
128 200000 | 128 68 60 60
112 200000 | 112 49 63 63
103 200000 | 103 55 48 48
131 200000 | 131 67 64 64
139 200000 | 137 75 66 66
156 200000 | 154 67 91 91
137 200000 | 137 63 74 74
113 200000 | 113 58 55 55
142 200000 | 140 70 74 74
136 200000 | 136 72 64 64
129 200000 | 129 64 65 65
118 200000 | 118 61 57 57
156 200000 | 155 84 73 73
148 200000 | 148 72 76 76
142 200000 | 139 73 72 72
135 200000 | 135 69 66 66
138 200000 | 138 66 72 72
113 200000 | 113 64 49 49
130 200000 | 128 65 67 67
128 200000 | 127 60 69 69
141 200000 | 140 84 58 58
120 200000 | 120 48 72 72
121 200000 | 120 64 58 58
135 200000 | 135 70 65 65
132 200000 | 132 68 64 64
146 200000 | 146 76 70 70
121 200000 | 121 55 66 66
120 200000 | 119 66 55 55
129 200000 | 129 74 55 55
133 200000 | 133 68 65 65
125 200000 | 125 62 63 63
141 200000 | 141 78 63 63
124 200000 | 121 72 55 55
117 200000 | 117 52 65 65
125 200000 | 125 66 59 59
132 200000 | 132 69 63 63
135 200000 | 132 68 70 70
109 200000 | 109 56 53 53
133 200000 | 133 67 66 66
149 200000 | 148 69 81 81
128 200000 | 127 53 76 76
131 200000 | 130 58 74 74
134 200000 | 134 69 65 65
135 200000 | 133 67 70 70
114 200000 | 113 55 60 60
130 200000 | 129 72 59 59
110 200000 | 110 54 56 56
128 200000 | 128 65 63 63
122 200000 | 122 59 63 63
113 200000 | 113 52 61 61
110 200000 | 110 54 56 56
138 200000 | 137 65 74 74
117 200000 | 117 57 60 60
122 200000 | 122 55 67 67
129 200000 | 128 56 74 74
133 200000 | 133 53 80 80
126 200000 | 126 73 53 53
122 200000 | 120 60 64 64
123 200000 | 123 60 63 63
109 200000 | 109 50 59 59
137 200000 | 137 62 75 75
115 200000 | 115 67 48 48
122 200000 | 122 73 49 49
125 200000 | 125 63 62 62
132 200000 | 131 64 69 69
134 200000 | 133 70 65 65
120 200000 | 120 62 58 58
124 200000 | 124 59 65 65
116 200000 | 115 51 66 66
136 200000 | 136 61 75 75
116 200000 | 115 56 61 61
131 200000 | 129 72 61 61
132 200000 | 131 75 58 58
128 200000 | 128 65 63 63
140 200000 | 140 75 65 65
153 200000 | 152 75 79 79
137 200000 | 134 69 71 71
132 200000 | 132 57 75 75
131 200000 | 130 69 63 63
124 200000 | 124 63 61 61
99 200000 | 99 53 46 46
121 200000 | 117 61 64 64
124 200000 | 124 57 67 67
141 200000 | 141 69 72 72
116 200000 | 115 72 45 45
116 200000 | 115 62 55 55
135 200000 | 134 58 78 78
125 200000 | 125 59 66 66
123 200000 | 123 64 59 59
125 200000 | 125 61 64 64
133 200000 | 133 63 70 70
146 200000 | 146 70 76 76
125 200000 | 125 62 63 63
125 200000 | 124 67 59 59
114 200000 | 113 55 60 60
147 200000 | 147 68 79 79
115 200000 | 115 63 52 52
129 200000 | 129 69 60 60
133 200000 | 132 67 67 67
125 200000 | 125 62 63 63
163 200000 | 162 77 87 87
132 200000 | 131 64 69 69
128 200000 | 127 61 68 68
135 200000 | 133 66 71 71
132 200000 | 132 64 68 68
122 200000 | 122 63 59 59
131 200000 | 131 59 72 72
122 200000 | 122 62 60 60
124 200000 | 124 60 64 64
144 200000 | 144 82 62 62
111 200000 | 111 60 51 51
111 200000 | 111 52 59 59
141 200000 | 141 79 62 62
126 200000 | 126 60 66 66
137 200000 | 137 69 68 68
111 200000 | 111 49 62 62
112 200000 | 110 59 55 55
123 200000 | 123 58 65 65
113 200000 | 113 55 58 58
125 200000 | 124 59 67 67
128 200000 | 128 71 57 57
104 200000 | 103 55 50 50
112 200000 | 112 64 48 48
126 200000 | 126 69 57 57
143 200000 | 143 68 75 75
126 200000 | 126 55 71 71
115 200000 | 115 55 60 60
120 200000 | 120 49 71 71
138 200000 | 137 55 84 84
106 200000 | 106 59 47 47
113 200000 | 113 54 59 59
112 200000 | 112 56 56 56
134 200000 | 134 74 60 60
130 200000 | 129 62 69 69
137 200000 | 137 70 67 67
138 200000 | 138 65 73 73
121 200000 | 120 50 72 72
117 200000 | 117 57 60 60
139 200000 | 139 64 75 75
129 200000 | 129 65 64 64
139 200000 | 139 62 77 77
124 200000 | 124 56 68 68
116 200000 | 116 59 57 57
108 200000 | 107 40 69 69
147 200000 | 147 79 68 68
148 200000 | 148 74 74 74
137 200000 | 135 68 71 71
130 200000 | 129 61 70 70
112 200000 | 112 68 44 44
132 200000 | 132 72 60 60
96 200000 | 96 43 53 53
118 200000 | 118 53 65 65
128 200000 | 127 74 55 55
117 200000 | 116 69 49 49
123 200000 | 123 63 60 60
115 200000 | 115 53 62 62
119 200000 | 119 63 56 56
127 200000 | 126 66 62 62
125 200000 | 123 65 62 62
125 200000 | 125 55 70 70
125 200000 | 125 64 61 61
122 200000 | 122 60 62 62
129 200000 | 129 57 72 72
130 200000 | 128 71 61 61
144 200000 | 143 69 76 76
117 200000 | 117 58 59 59
120 200000 | 120 64 56 56
137 200000 | 137 75 62 62
140 200000 | 140 67 73 73
136 200000 | 136 69 67 67
133 200000 | 133 64 69 69
110 200000 | 110 49 61 61
135 200000 | 135 68 67 67
137 200000 | 137 68 69 69
142 200000 | 142 76 66 66
120 200000 | 120 57 63 63
126 200000 | 126 56 70 70
125 200000 | 125 53 72 72
137 200000 | 135 65 74 74
102 200000 | 102 48 54 54
137 200000 | 137 66 71 71
137 200000 | 136 70 68 68
134 200000 | 134 63 71 71
104 200000 | 104 62 42 42
146 200000 | 146 83 63 63
148 200000 | 147 74 75 75
141 200000 | 140 73 69 69
137 200000 | 135 63 76 76
139 200000 | 138 76 64 64
130 200000 | 130 63 67 67
141 200000 | 141 63 78 78
130 200000 | 130 60 70 70
119 200000 | 119 52 67 67
132 200000 | 131 64 69 69
113 200000 | 113 55 58 58
132 200000 | 132 60 72 72
121 200000 | 121 60 61 61
122 200000 | 122 60 62 62
112 200000 | 112 48 64 64
133 200000 | 133 66 67 67
140 200000 | 140 63 77 77
130 200000 | 129 77 54 54
131 200000 | 129 67 66 66
129 200000 | 128 61 69 69
116 200000 | 116 53 63 63
143 200000 | 142 68 76 76
126 200000 | 126 62 64 64
126 200000 | 124 57 71 71
132 200000 | 132 63 69 69
98 200000 | 97 50 49 49
134 200000 | 134 73 61 61
118 200000 | 117 57 62 62
152 200000 | 152 85 67 67
138 200000 | 138 71 67 67
127 200000 | 125 60 69 69
138 200000 | 138 57 81 81
135 200000 | 135 68 67 67
121 200000 | 121 64 57 57
129 200000 | 129 62 67 67
110 200000 | 110 54 56 56
116 200000 | 116 47 69 69
142 200000 | 142 61 81 81
129 200000 | 129 78 51 51
136 200000 | 135 71 66 66
122 200000 | 122 64 58 58
131 200000 | 130 59 73 73
132 200000 | 132 77 55 55
124 200000 | 124 51 73 73
130 200000 | 129 60 71 71
111 200000 | 110 51 61 61
120 200000 | 120 67 53 53
129 200000 | 129 65 64 64
119 200000 | 119 59 60 60
116 200000 | 116 58 58 58
110 200000 | 110 41 69 69
139 200000 | 139 74 65 65
130 200000 | 130 69 61 61
116 200000 | 115 56 61 61
131 200000 | 130 63 69 69
123 200000 | 123 63 60 60
123 200000 | 123 64 59 59
131 200000 | 130 73 59 59
120 200000 | 119 60 61 61
117 200000 | 116 60 58 58
135 200000 | 134 64 72 72
147 200000 | 146 81 67 67
122 200000 | 122 58 64 64
139 200000 | 139 67 72 72
105 200000 | 104 48 58 58
114 200000 | 113 54 61 61
114 200000 | 112 54 62 62
124 200000 | 122 71 55 55
113 200000 | 112 61 53 53
121 200000 | 121 59 62 62
120 200000 | 120 53 67 67
134 200000 | 134 68 66 66
124 200000 | 124 60 64 64
130 200000 | 128 72 60 60
130 200000 | 128 63 69 69
109 200000 | 108 59 51 51
137 200000 | 137 79 58 58
135 200000 | 135 69 66 66
137 200000 | 136 62 76 76
153 200000 | 153 75 78 78
117 200000 | 116 57 61 61
125 200000 | 125 58 67 67
131 200000 | 130 64 68 68
85 200000 | 85 47 38 38
135 200000 | 135 69 66 66
132 200000 | 132 67 65 65
111 200000 | 109 57 56 56
141 200000 | 141 75 66 66
113 200000 | 113 60 53 53
127 200000 | 126 59 69 69
115 200000 | 113 69 48 48
136 200000 | 136 65 71 71
132 200000 | 131 70 63 63
136 200000 | 136 69 67 67
120 200000 | 120 54 66 66
147 200000 | 147 75 72 72
135 200000 | 134 59 77 77
110 200000 | 109 54 57 57
131 200000 | 131 65 66 66
144 200000 | 144 69 75 75
135 200000 | 135 76 59 59
134 200000 | 134 72 62 62
124 200000 | 124 68 56 56
126 200000 | 126 65 61 61
140 200000 | 139 74 67 67
138 200000 | 137 70 69 69
141 200000 | 141 78 63 63
137 200000 | 137 57 80 80
119 200000 | 118 63 57 57
153 200000 | 153 71 82 82
116 200000 | 115 52 65 65
121 200000 | 121 62 59 59
128 200000 | 128 72 56 56
117 200000 | 115 61 58 58
97 200000 | 95 57 42 42
117 200000 | 116 53 65 65
138 200000 | 138 76 62 62
113 200000 | 112 59 55 55
134 200000 | 133 65 70 70
140 200000 | 140 68 72 72
134 200000 | 134 71 63 63
133 200000 | 133 71 62 62
121 200000 | 121 64 57 57
135 200000 | 135 69 66 66
131 200000 | 130 61 71 71
131 200000 | 131 68 63 63
133 200000 | 133 57 76 76
120 200000 | 120 62 58 58
146 200000 | 146 64 82 82
120 200000 | 119 70 51 51
115 200000 | 114 58 58 58
131 200000 | 131 68 63 63
141 200000 | 140 75 67 67
122 200000 | 122 65 57 57
109 200000 | 109 61 48 48
123 200000 | 122 59 65 65
129 200000 | 129 79 50 50
109 200000 | 109 60 49 49
135 200000 | 135 75 60 60
137 200000 | 137 65 72 72
122 200000 | 122 68 54 54
136 200000 | 136 73 63 63
123 200000 | 123 59 64 64
145 200000 | 145 77 68 68
125 200000 | 125 70 55 55
117 200000 | 117 52 65 65
121 200000 | 121 58 63 63
126 200000 | 126 62 64 64
115 200000 | 115 55 60 60
127 200000 | 126 70 58 58
107 200000 | 107 50 57 57
134 200000 | 133 59 76 76
121 200000 | 121 50 71 71
134 200000 | 133 69 66 66
140 200000 | 140 68 72 72
