123 200000 | 91 97 58 58
117 200000 | 84 91 59 59
142 200000 | 106 110 68 68
138 200000 | 109 106 61 61
123 200000 | 99 90 57 57
122 200000 | 86 89 69 69
123 200000 | 84 90 72 72
117 200000 | 84 91 59 59
116 200000 | 91 86 55 55
125 200000 | 100 89 61 61
128 200000 | 92 94 70 70
133 200000 | 97 99 70 70
133 200000 | 99 102 65 65
146 200000 | 112 104 76 76
133 200000 | 101 106 59 59
137 200000 | 106 100 68 68
143 200000 | 115 101 70 70
134 200000 | 90 103 75 75
130 200000 | 94 107 59 59
144 200000 | 105 108 75 75
150 200000 | 122 112 66 66
127 200000 | 99 96 59 59
128 200000 | 87 103 66 66
106 200000 | 78 83 51 51
133 200000 | 97 106 63 63
133 200000 | 98 105 63 63
119 200000 | 87 92 59 59
128 200000 | 104 95 57 57
135 200000 | 93 99 78 78
139 200000 | 98 101 79 79
124 200000 | 97 100 51 51
129 200000 | 99 90 69 69
122 200000 | 88 95 61 61
116 200000 | 82 88 62 62
130 200000 | 98 101 61 61
126 200000 | 97 90 65 65
100 200000 | 85 69 46 46
107 200000 | 84 75 55 55
129 200000 | 94 95 69 69
124 200000 | 94 90 64 64
123 200000 | 98 94 54 54
108 200000 | 81 85 50 50
119 200000 | 83 89 66 66
132 200000 | 101 88 75 75
147 200000 | 106 109 79 79
129 200000 | 98 93 67 67
144 200000 | 111 102 75 75
132 200000 | 101 91 72 72
135 200000 | 92 94 84 84
116 200000 | 91 85 56 56
137 200000 | 102 116 56 56
132 200000 | 89 107 68 68
113 200000 | 94 85 47 47
103 200000 | 84 75 47 47
109 200000 | 81 92 45 45
137 200000 | 108 103 63 63
134 200000 | 104 103 61 61
111 200000 | 83 83 56 56
128 200000 | 100 87 69 69
138 200000 | 104 103 69 69
136 200000 | 107 106 59 59
120 200000 | 97 85 58 58
130 200000 | 99 93 68 68
120 200000 | 90 86 64 64
130 200000 | 94 106 60 60
134 200000 | 95 107 66 66
136 200000 | 106 103 63 63
126 200000 | 90 95 67 67
136 200000 | 105 99 68 68
131 200000 | 101 106 55 55
138 200000 | 97 103 76 76
112 200000 | 86 86 52 52
126 200000 | 101 92 59 59
135 200000 | 103 91 76 76
133 200000 | 107 94 65 65
126 200000 | 85 103 64 64
119 200000 | 98 83 57 57
133 200000 | 98 101 67 67
142 200000 | 111 98 75 75
131 200000 | 98 91 73 73
120 200000 | 90 97 53 53
147 200000 | 111 122 61 61
113 200000 | 83 85 58 58
107 200000 | 82 77 55 55
134 200000 | 102 99 67 67
149 200000 | 111 103 84 84
117 200000 | 83 96 55 55
151 200000 | 112 109 81 81
131 200000 | 93 101 68 68
128 200000 | 96 99 61 61
135 200000 | 108 99 63 63
129 200000 | 100 96 62 62
121 200000 | 96 90 56 56
126 200000 | 98 92 62 62
147 200000 | 111 122 61 61
134 200000 | 99 107 62 62
127 200000 | 96 95 63 63
122 200000 | 93 94 57 57
128 200000 | 103 99 54 54
137 200000 | 107 98 69 69
120 200000 | 79 98 63 63
134 200000 | 105 101 62 62
142 200000 | 102 105 77 77
104 200000 | 78 74 56 56
142 200000 | 112 112 60 60
102 200000 | 81 70 53 53
137 200000 | 111 100 63 63
115 200000 | 84 97 49 49
114 200000 | 84 91 53 53
145 200000 | 108 109 73 73
110 200000 | 81 87 52 52
136 200000 | 104 104 64 64
115 200000 | 93 88 49 49
107 200000 | 88 79 47 47
142 200000 | 108 105 71 71
133 200000 | 103 99 64 64
141 200000 | 104 103 75 75
143 200000 | 104 109 73 73
135 200000 | 101 102 67 67
121 200000 | 89 89 64 64
128 200000 | 94 89 73 73
132 200000 | 101 106 57 57
134 200000 | 94 98 76 76
138 200000 | 107 105 64 64
119 200000 | 83 99 56 56
127 200000 | 91 93 70 70
116 200000 | 79 90 63 63
109 200000 | 78 82 58 58
137 200000 | 105 95 74 74
126 200000 | 90 102 60 60
125 200000 | 106 83 61 61
134 200000 | 97 93 78 78
116 200000 | 92 83 57 57
128 200000 | 97 94 65 65
119 200000 | 85 98 55 55
142 200000 | 104 103 77 77
138 200000 | 105 106 65 65
138 200000 | 106 104 66 66
125 200000 | 94 90 66 66
125 200000 | 87 98 65 65
130 200000 | 90 102 68 68
134 200000 | 101 108 59 59
142 200000 | 101 109 74 74
126 200000 | 94 98 60 60
125 200000 | 96 88 66 66
120 200000 | 94 92 54 54
144 200000 | 108 103 77 77
148 200000 | 108 112 76 76
138 200000 | 101 107 68 68
128 200000 | 97 101 58 58
126 200000 | 90 94 68 68
124 200000 | 93 89 66 66
124 200000 | 101 91 56 56
126 200000 | 95 87 70 70
133 200000 | 93 106 67 67
132 200000 | 100 96 68 68
130 200000 | 97 101 62 62
134 200000 | 106 100 62 62
129 200000 | 101 96 61 61
134 200000 | 102 100 66 66
140 200000 | 114 103 63 63
130 200000 | 94 96 70 70
133 200000 | 104 97 65 65
142 200000 | 107 110 67 67
134 200000 | 113 101 54 54
124 200000 | 96 96 56 56
121 200000 | 96 85 61 61
120 200000 | 85 80 75 75
142 200000 | 105 106 73 73
104 200000 | 77 77 54 54
123 200000 | 89 97 60 60
123 200000 | 99 98 49 49
124 200000 | 93 99 56 56
113 200000 | 87 84 55 55
116 200000 | 87 89 56 56
135 200000 | 100 105 65 65
151 200000 | 118 108 76 76
153 200000 | 118 115 73 73
121 200000 | 95 89 58 58
111 200000 | 83 87 52 52
127 200000 | 99 91 64 64
113 200000 | 83 79 64 64
124 200000 | 98 91 59 59
110 200000 | 80 80 60 60
111 200000 | 80 86 56 56
127 200000 | 94 92 68 68
134 200000 | 95 102 71 71
133 200000 | 94 99 73 73
119 200000 | 91 90 57 57
136 200000 | 103 100 69 69
121 200000 | 86 96 60 60
130 200000 | 101 103 56 56
138 200000 | 100 111 65 65
119 200000 | 90 81 67 67
115 200000 | 77 91 62 62
123 200000 | 94 95 57 57
139 200000 | 101 105 72 72
124 200000 | 84 96 68 68
128 200000 | 98 98 60 60
125 200000 | 96 92 62 62
126 200000 | 89 91 72 72
133 200000 | 99 100 67 67
130 200000 | 97 98 65 65
124 200000 | 99 96 53 53
115 200000 | 90 88 52 52
114 200000 | 91 81 56 56
110 200000 | 83 78 59 59
131 200000 | 90 100 72 72
132 200000 | 95 104 65 65
122 200000 | 88 94 62 62
146 200000 | 117 105 70 70
151 200000 | 117 117 68 68
140 200000 | 105 101 74 74
122 200000 | 91 87 66 66
155 200000 | 112 119 79 79
130 200000 | 97 97 66 66
120 200000 | 87 87 66 66
131 200000 | 102 94 66 66
139 200000 | 108 95 75 75
119 200000 | 86 101 51 51
132 200000 | 85 102 77 77
122 200000 | 92 85 67 67
118 200000 | 85 86 65 65
120 200000 | 92 89 59 59
114 200000 | 87 83 58 58
124 200000 | 101 93 54 54
141 200000 | 103 109 70 70
136 200000 | 105 107 60 60
130 200000 | 97 95 68 68
111 200000 | 88 87 47 47
120 200000 | 96 85 59 59
133 200000 | 94 98 74 74
138 200000 | 93 108 75 75
155 200000 | 110 115 85 85
130 200000 | 99 96 65 65
145 200000 | 107 107 76 76
125 200000 | 95 98 57 57
144 200000 | 119 107 62 62
139 200000 | 102 107 69 69
126 200000 | 90 98 64 64
133 200000 | 104 97 65 65
122 200000 | 93 88 63 63
129 200000 | 92 100 66 66
120 200000 | 86 91 63 63
126 200000 | 102 97 53 53
114 200000 | 85 90 53 53
137 200000 | 96 112 66 66
132 200000 | 103 91 70 70
111 200000 | 82 88 52 52
130 200000 | 97 101 62 62
119 200000 | 91 89 58 58
109 200000 | 79 83 56 56
130 200000 | 100 94 66 66
122 200000 | 86 82 76 76
112 200000 | 82 84 58 58
109 200000 | 78 86 54 54
129 200000 | 85 114 59 59
140 200000 | 107 107 66 66
137 200000 | 110 103 61 61
125 200000 | 89 88 73 73
129 200000 | 98 89 71 71
114 200000 | 90 82 56 56
132 200000 | 105 95 64 64
130 200000 | 102 103 55 55
118 200000 | 93 86 57 57
131 200000 | 100 103 59 59
121 200000 | 105 85 52 52
122 200000 | 89 100 55 55
117 200000 | 87 82 65 65
139 200000 | 98 115 65 65
126 200000 | 103 92 57 57
127 200000 | 98 93 63 63
118 200000 | 89 83 64 64
135 200000 | 96 95 79 79
110 200000 | 82 86 52 52
135 200000 | 91 100 79 79
148 200000 | 120 109 67 67
131 200000 | 103 98 61 61
123 200000 | 88 93 65 65
117 200000 | 95 83 56 56
132 200000 | 102 109 53 53
130 200000 | 106 96 58 58
137 200000 | 98 98 78 78
146 200000 | 109 118 65 65
123 200000 | 84 94 68 68
121 200000 | 89 94 59 59
127 200000 | 98 88 68 68
143 200000 | 112 109 65 65
142 200000 | 107 112 65 65
119 200000 | 83 88 67 67
122 200000 | 92 84 68 68
142 200000 | 103 112 69 69
105 200000 | 75 82 53 53
121 200000 | 86 94 62 62
146 200000 | 107 108 77 77
124 200000 | 95 97 56 56
130 200000 | 103 96 61 61
132 200000 | 104 98 62 62
141 200000 | 102 105 75 75
124 200000 | 99 89 60 60
140 200000 | 109 110 61 61
117 200000 | 87 84 63 63
132 200000 | 96 102 66 66
115 200000 | 88 93 49 49
125 200000 | 102 82 66 66
122 200000 | 85 92 67 67
116 200000 | 80 89 63 63
137 200000 | 106 107 61 61
133 200000 | 107 96 63 63
119 200000 | 87 91 60 60
129 200000 | 96 105 57 57
135 200000 | 90 99 81 81
146 200000 | 116 106 70 70
124 200000 | 96 86 66 66
134 200000 | 101 109 58 58
148 200000 | 116 115 65 65
133 200000 | 107 97 62 62
119 200000 | 92 91 55 55
125 200000 | 97 90 63 63
133 200000 | 102 99 65 65
134 200000 | 98 95 75 75
119 200000 | 88 85 65 65
119 200000 | 80 95 63 63
128 200000 | 101 99 56 56
123 200000 | 92 93 61 61
107 200000 | 87 78 49 49
141 200000 | 98 107 77 77
130 200000 | 88 104 68 68
133 200000 | 101 100 65 65
127 200000 | 91 93 70 70
134 200000 | 105 105 58 58
143 200000 | 104 110 72 72
120 200000 | 92 98 50 50
112 200000 | 85 90 49 49
134 200000 | 100 104 64 64
122 200000 | 88 88 68 68
116 200000 | 84 88 60 60
129 200000 | 84 96 78 78
104 200000 | 71 89 48 48
154 200000 | 125 106 77 77
111 200000 | 85 77 60 60
143 200000 | 115 113 58 58
147 200000 | 111 111 72 72
137 200000 | 102 105 67 67
115 200000 | 83 83 64 64
124 200000 | 94 92 62 62
114 200000 | 93 80 55 55
113 200000 | 90 91 45 45
142 200000 | 111 99 74 74
136 200000 | 109 105 58 58
118 200000 | 95 86 55 55
118 200000 | 91 92 53 53
129 200000 | 93 94 71 71
114 200000 | 74 92 62 62
105 200000 | 78 73 59 59
131 200000 | 93 107 62 62
116 200000 | 86 95 51 51
110 200000 | 76 82 62 62
141 200000 | 119 108 55 55
121 200000 | 94 93 55 55
130 200000 | 91 107 62 62
148 200000 | 112 107 77 77
133 200000 | 88 101 77 77
124 200000 | 93 92 63 63
115 200000 | 78 90 62 62
128 200000 | 92 90 74 74
124 200000 | 90 93 65 65
135 200000 | 99 96 75 75
133 200000 | 111 91 64 64
125 200000 | 93 95 62 62
144 200000 | 116 116 56 56
116 200000 | 89 84 59 59
129 200000 | 100 102 56 56
135 200000 | 98 101 71 71
125 200000 | 96 91 63 63
105 200000 | 74 83 53 53
130 200000 | 98 98 64 64
116 200000 | 92 92 48 48
136 200000 | 96 115 61 61
148 200000 | 117 99 80 80
129 200000 | 100 101 57 57
133 200000 | 94 105 67 67
116 200000 | 88 89 55 55
126 200000 | 93 97 62 62
132 200000 | 92 99 73 73
135 200000 | 100 93 77 77
137 200000 | 101 104 69 69
127 200000 | 96 95 63 63
128 200000 | 105 98 53 53
135 200000 | 100 106 64 64
128 200000 | 94 102 60 60
