1201 200000 | 508 1163 731 731
1118 200000 | 494 1077 665 665
1157 200000 | 504 1121 689 689
1152 200000 | 523 1105 676 676
1146 200000 | 471 1104 717 717
1169 200000 | 532 1124 682 682
1181 200000 | 498 1144 720 720
1143 200000 | 506 1107 673 673
1128 200000 | 454 1091 711 711
1191 200000 | 528 1143 711 711
1183 200000 | 509 1138 719 719
1164 200000 | 521 1130 677 677
1147 200000 | 495 1118 681 681
1188 200000 | 527 1149 700 700
1216 200000 | 513 1177 742 742
1108 200000 | 471 1081 664 664
1194 200000 | 518 1144 726 726
1155 200000 | 478 1112 720 720
1142 200000 | 476 1091 717 717
1170 200000 | 497 1134 709 709
1266 200000 | 520 1220 792 792
1159 200000 | 538 1121 659 659
1173 200000 | 493 1142 711 711
1171 200000 | 490 1134 718 718
1188 200000 | 503 1150 723 723
1192 200000 | 509 1157 718 718
1157 200000 | 517 1120 677 677
1190 200000 | 525 1147 708 708
1169 200000 | 498 1143 697 697
1222 200000 | 550 1183 711 711
1126 200000 | 493 1090 669 669
1097 200000 | 494 1057 643 643
1175 200000 | 462 1139 749 749
1154 200000 | 475 1111 722 722
1101 200000 | 499 1058 645 645
1166 200000 | 467 1118 747 747
1159 200000 | 499 1122 697 697
1216 200000 | 517 1176 739 739
1197 200000 | 499 1158 737 737
1165 200000 | 486 1130 714 714
1214 200000 | 525 1184 719 719
1141 200000 | 471 1095 716 716
1186 200000 | 524 1141 707 707
