294 200000 | 289 286 13 13
282 200000 | 278 275 11 11
269 200000 | 265 262 11 11
290 200000 | 284 287 9 9
296 200000 | 292 293 7 7
278 200000 | 274 274 8 8
283 200000 | 278 277 11 11
271 200000 | 266 268 8 8
288 200000 | 282 283 11 11
284 200000 | 279 279 10 10
249 200000 | 246 247 5 5
284 200000 | 280 275 13 13
299 200000 | 295 291 12 12
273 200000 | 271 271 4 4
296 200000 | 289 289 14 14
290 200000 | 286 280 14 14
301 200000 | 296 296 10 10
266 200000 | 262 264 6 6
257 200000 | 255 253 6 6
278 200000 | 274 276 6 6
275 200000 | 273 273 4 4
311 200000 | 307 300 15 15
286 200000 | 276 285 11 11
301 200000 | 294 292 16 16
270 200000 | 266 266 8 8
295 200000 | 290 292 8 8
292 200000 | 289 285 10 10
298 200000 | 290 293 13 13
272 200000 | 269 267 8 8
281 200000 | 277 271 14 14
301 200000 | 297 294 11 11
253 200000 | 250 249 7 7
270 200000 | 266 269 5 5
285 200000 | 278 277 15 15
321 200000 | 313 309 20 20
270 200000 | 267 261 12 12
270 200000 | 262 260 18 18
270 200000 | 266 266 8 8
265 200000 | 261 258 11 11
283 200000 | 281 275 10 10
252 200000 | 249 246 9 9
266 200000 | 259 262 11 11
301 200000 | 296 292 14 14
248 200000 | 246 242 8 8
269 200000 | 262 261 15 15
266 200000 | 263 263 6 6
292 200000 | 288 285 11 11
312 200000 | 307 308 9 9
277 200000 | 274 274 6 6
306 200000 | 300 302 10 10
269 200000 | 265 265 8 8
301 200000 | 297 296 9 9
269 200000 | 264 263 11 11
278 200000 | 273 274 9 9
281 200000 | 277 277 8 8
280 200000 | 275 274 11 11
279 200000 | 271 274 13 13
314 200000 | 308 310 10 10
231 200000 | 226 227 9 9
284 200000 | 279 277 12 12
320 200000 | 313 310 17 17
303 200000 | 298 299 9 9
298 200000 | 296 295 5 5
278 200000 | 273 272 11 11
278 200000 | 271 274 11 11
299 200000 | 296 295 7 7
278 200000 | 272 271 13 13
270 200000 | 266 264 10 10
289 200000 | 284 283 11 11
266 200000 | 256 264 12 12
281 200000 | 279 274 9 9
275 200000 | 265 271 14 14
256 200000 | 250 251 11 11
273 200000 | 264 266 16 16
305 200000 | 300 302 8 8
279 200000 | 276 272 10 10
260 200000 | 257 255 8 8
273 200000 | 268 270 8 8
295 200000 | 291 288 11 11
282 200000 | 276 278 10 10
298 200000 | 290 292 14 14
285 200000 | 278 283 9 9
290 200000 | 282 277 21 21
272 200000 | 268 267 9 9
273 200000 | 265 267 14 14
270 200000 | 266 264 10 10
253 200000 | 246 247 13 13
277 200000 | 270 272 12 12
262 200000 | 253 253 18 18
309 200000 | 305 301 12 12
283 200000 | 280 278 8 8
257 200000 | 252 253 9 9
295 200000 | 292 288 10 10
280 200000 | 276 277 7 7
262 200000 | 260 253 11 11
293 200000 | 285 289 12 12
292 200000 | 289 286 9 9
268 200000 | 263 262 11 11
287 200000 | 280 286 8 8
264 200000 | 262 258 8 8
317 200000 | 311 315 8 8
309 200000 | 306 307 5 5
275 200000 | 271 273 6 6
303 200000 | 294 295 17 17
294 200000 | 287 290 11 11
305 200000 | 304 297 9 9
266 200000 | 265 255 12 12
285 200000 | 280 281 9 9
291 200000 | 286 289 7 7
291 200000 | 288 287 7 7
281 200000 | 278 275 9 9
263 200000 | 257 260 9 9
270 200000 | 263 267 10 10
276 200000 | 272 268 12 12
280 200000 | 277 272 11 11
287 200000 | 285 276 13 13
268 200000 | 268 264 4 4
296 200000 | 290 289 13 13
259 200000 | 253 257 8 8
282 200000 | 279 275 10 10
300 200000 | 297 294 9 9
283 200000 | 279 279 8 8
293 200000 | 291 290 5 5
290 200000 | 285 286 9 9
290 200000 | 286 287 7 7
269 200000 | 265 265 8 8
253 200000 | 250 250 6 6
265 200000 | 261 262 7 7
269 200000 | 265 263 10 10
262 200000 | 260 255 9 9
295 200000 | 287 290 13 13
276 200000 | 269 270 13 13
298 200000 | 295 286 15 15
248 200000 | 244 239 13 13
287 200000 | 280 283 11 11
271 200000 | 267 267 8 8
291 200000 | 284 287 11 11
284 200000 | 281 279 8 8
280 200000 | 278 275 7 7
293 200000 | 290 287 9 9
274 200000 | 271 267 10 10
278 200000 | 275 274 7 7
276 200000 | 272 270 10 10
307 200000 | 301 300 13 13
282 200000 | 273 276 15 15
262 200000 | 259 256 9 9
284 200000 | 277 278 13 13
278 200000 | 272 271 13 13
278 200000 | 274 273 9 9
261 200000 | 259 253 10 10
278 200000 | 271 270 15 15
285 200000 | 282 280 8 8
290 200000 | 287 285 8 8
284 200000 | 278 277 13 13
268 200000 | 262 266 8 8
252 200000 | 245 245 14 14
268 200000 | 262 263 11 11
329 200000 | 326 323 9 9
273 200000 | 272 267 7 7
292 200000 | 289 286 9 9
267 200000 | 261 262 11 11
287 200000 | 282 275 17 17
263 200000 | 259 258 9 9
285 200000 | 280 281 9 9
276 200000 | 273 272 7 7
278 200000 | 273 275 8 8
284 200000 | 282 279 7 7
279 200000 | 274 274 10 10
283 200000 | 276 274 16 16
300 200000 | 297 294 9 9
273 200000 | 272 267 7 7
260 200000 | 255 254 11 11
290 200000 | 284 284 12 12
292 200000 | 287 289 8 8
312 200000 | 306 310 8 8
291 200000 | 284 286 12 12
284 200000 | 281 280 7 7
275 200000 | 270 272 8 8
