285 200000 | 138 283 149 149
272 200000 | 120 269 155 155
246 200000 | 126 242 124 124
258 200000 | 129 257 130 130
295 200000 | 143 294 153 153
245 200000 | 122 241 127 127
273 200000 | 137 271 138 138
277 200000 | 142 275 137 137
275 200000 | 142 273 135 135
265 200000 | 139 263 128 128
268 200000 | 136 267 133 133
260 200000 | 122 258 140 140
274 200000 | 130 272 146 146
298 200000 | 145 297 154 154
272 200000 | 137 269 138 138
260 200000 | 122 260 138 138
287 200000 | 147 282 145 145
274 200000 | 124 272 152 152
232 200000 | 104 232 128 128
281 200000 | 142 281 139 139
245 200000 | 114 244 132 132
260 200000 | 125 259 136 136
255 200000 | 129 255 126 126
246 200000 | 128 243 121 121
267 200000 | 139 265 130 130
274 200000 | 130 270 148 148
273 200000 | 145 272 129 129
260 200000 | 127 259 134 134
261 200000 | 125 260 137 137
254 200000 | 111 253 144 144
271 200000 | 140 270 132 132
265 200000 | 150 264 116 116
262 200000 | 129 262 133 133
241 200000 | 113 239 130 130
265 200000 | 145 264 121 121
240 200000 | 123 240 117 117
264 200000 | 137 264 127 127
276 200000 | 129 275 148 148
286 200000 | 133 286 153 153
298 200000 | 148 295 153 153
241 200000 | 125 240 117 117
250 200000 | 130 248 122 122
254 200000 | 127 254 127 127
302 200000 | 155 301 148 148
269 200000 | 128 269 141 141
239 200000 | 116 238 124 124
266 200000 | 126 266 140 140
252 200000 | 128 252 124 124
257 200000 | 122 257 135 135
261 200000 | 129 259 134 134
245 200000 | 128 244 118 118
274 200000 | 147 273 128 128
263 200000 | 132 262 132 132
268 200000 | 136 266 134 134
280 200000 | 130 277 153 153
286 200000 | 148 285 139 139
311 200000 | 160 309 153 153
253 200000 | 121 251 134 134
254 200000 | 132 254 122 122
249 200000 | 137 246 115 115
281 200000 | 132 280 150 150
262 200000 | 135 261 128 128
272 200000 | 129 271 144 144
286 200000 | 156 282 134 134
268 200000 | 130 267 139 139
252 200000 | 115 252 137 137
276 200000 | 146 275 131 131
296 200000 | 155 293 144 144
261 200000 | 133 260 129 129
227 200000 | 99 226 129 129
286 200000 | 125 286 161 161
263 200000 | 145 260 121 121
265 200000 | 133 265 132 132
279 200000 | 120 279 159 159
250 200000 | 119 248 133 133
290 200000 | 144 289 147 147
261 200000 | 119 259 144 144
266 200000 | 135 265 132 132
266 200000 | 125 262 145 145
272 200000 | 129 270 145 145
265 200000 | 125 264 141 141
264 200000 | 126 263 139 139
261 200000 | 129 261 132 132
292 200000 | 156 289 139 139
270 200000 | 145 269 126 126
279 200000 | 155 277 126 126
271 200000 | 144 268 130 130
264 200000 | 144 262 122 122
253 200000 | 114 251 141 141
279 200000 | 135 279 144 144
269 200000 | 126 267 145 145
248 200000 | 122 248 126 126
265 200000 | 126 263 141 141
275 200000 | 133 274 143 143
231 200000 | 119 228 115 115
258 200000 | 144 257 115 115
266 200000 | 138 263 131 131
264 200000 | 139 263 126 126
259 200000 | 128 258 132 132
267 200000 | 122 267 145 145
299 200000 | 155 299 144 144
256 200000 | 118 255 139 139
277 200000 | 135 276 143 143
278 200000 | 123 278 155 155
299 200000 | 146 297 155 155
279 200000 | 135 276 147 147
292 200000 | 147 291 146 146
283 200000 | 143 283 140 140
272 200000 | 145 268 131 131
272 200000 | 142 270 132 132
252 200000 | 127 249 128 128
276 200000 | 147 276 129 129
249 200000 | 130 247 121 121
264 200000 | 130 262 136 136
237 200000 | 123 237 114 114
250 200000 | 122 249 129 129
275 200000 | 154 274 122 122
261 200000 | 139 258 125 125
268 200000 | 136 268 132 132
303 200000 | 150 302 154 154
291 200000 | 145 289 148 148
254 200000 | 137 252 119 119
272 200000 | 141 271 132 132
290 200000 | 143 289 148 148
279 200000 | 145 277 136 136
271 200000 | 155 269 118 118
269 200000 | 140 266 132 132
253 200000 | 124 252 130 130
254 200000 | 121 253 134 134
254 200000 | 134 253 121 121
271 200000 | 118 270 154 154
279 200000 | 148 277 133 133
275 200000 | 130 274 146 146
260 200000 | 136 256 128 128
245 200000 | 129 242 119 119
279 200000 | 143 276 139 139
268 200000 | 147 267 122 122
242 200000 | 116 239 129 129
243 200000 | 125 241 120 120
261 200000 | 125 259 138 138
243 200000 | 116 240 130 130
246 200000 | 123 243 126 126
251 200000 | 128 250 124 124
268 200000 | 132 265 139 139
276 200000 | 133 274 145 145
285 200000 | 154 283 133 133
244 200000 | 121 243 124 124
216 200000 | 112 215 105 105
257 200000 | 133 256 125 125
253 200000 | 131 251 124 124
275 200000 | 146 273 131 131
268 200000 | 129 265 142 142
259 200000 | 136 258 124 124
285 200000 | 139 283 148 148
249 200000 | 128 246 124 124
299 200000 | 142 298 158 158
264 200000 | 139 264 125 125
278 200000 | 140 276 140 140
253 200000 | 111 252 143 143
288 200000 | 141 286 149 149
261 200000 | 124 260 138 138
247 200000 | 113 245 136 136
259 200000 | 127 257 134 134
268 200000 | 156 267 113 113
260 200000 | 125 255 140 140
277 200000 | 131 276 147 147
273 200000 | 122 273 151 151
247 200000 | 134 244 116 116
269 200000 | 133 265 140 140
257 200000 | 135 256 123 123
287 200000 | 151 285 138 138
251 200000 | 130 251 121 121
287 200000 | 138 287 149 149
261 200000 | 111 258 153 153
254 200000 | 125 254 129 129
274 200000 | 124 272 152 152
304 200000 | 153 303 152 152
271 200000 | 131 269 142 142
242 200000 | 121 241 122 122
256 200000 | 127 255 130 130
242 200000 | 100 241 143 143
281 200000 | 153 280 129 129
261 200000 | 140 259 123 123
273 200000 | 130 273 143 143
253 200000 | 115 252 139 139
257 200000 | 122 256 136 136
266 200000 | 129 263 140 140
266 200000 | 124 266 142 142
