1427 200000 | 564 1388 902 902
1345 200000 | 544 1317 829 829
1401 200000 | 564 1374 864 864
1438 200000 | 574 1407 895 895
1450 200000 | 587 1424 889 889
1415 200000 | 542 1390 898 898
1418 200000 | 560 1380 896 896
1351 200000 | 534 1328 840 840
1426 200000 | 562 1395 895 895
1392 200000 | 569 1361 854 854
1404 200000 | 536 1371 901 901
1386 200000 | 549 1365 858 858
1454 200000 | 587 1424 897 897
1380 200000 | 567 1339 854 854
1461 200000 | 580 1425 917 917
1452 200000 | 555 1422 927 927
1478 200000 | 592 1443 921 921
1484 200000 | 614 1457 897 897
1455 200000 | 585 1418 907 907
1363 200000 | 547 1330 849 849
1407 200000 | 569 1372 873 873
1377 200000 | 573 1346 835 835
1391 200000 | 580 1362 840 840
1406 200000 | 575 1373 864 864
1406 200000 | 542 1382 888 888
1407 200000 | 560 1381 873 873
1461 200000 | 554 1430 938 938
1451 200000 | 570 1426 906 906
1433 200000 | 581 1404 881 881
1443 200000 | 573 1416 897 897
1380 200000 | 544 1355 861 861
1431 200000 | 569 1408 885 885
1375 200000 | 560 1342 848 848
1385 200000 | 528 1350 892 892
1403 200000 | 590 1376 840 840
1469 200000 | 576 1444 918 918
