0 200000 | 0 0 0 0
0 200000 | 0 0 0 0
0 200000 | 0 0 0 0
0 200000 | 0 0 0 0
0 200000 | 0 0 0 0
0 200000 | 0 0 0 0
0 200000 | 0 0 0 0
0 200000 | 0 0 0 0
0 200000 | 0 0 0 0
0 200000 | 0 0 0 0
0 200000 | 0 0 0 0
0 200000 | 0 0 0 0
0 200000 | 0 0 0 0
0 200000 | 0 0 0 0
0 200000 | 0 0 0 0
0 200000 | 0 0 0 0
0 200000 | 0 0 0 0
0 200000 | 0 0 0 0
0 200000 | 0 0 0 0
0 200000 | 0 0 0 0
0 200000 | 0 0 0 0
0 200000 | 0 0 0 0
0 200000 | 0 0 0 0
0 200000 | 0 0 0 0
0 200000 | 0 0 0 0
0 200000 | 0 0 0 0
0 200000 | 0 0 0 0
0 200000 | 0 0 0 0
0 200000 | 0 0 0 0
0 300000 | 0 0 0 0
0 300000 | 0 0 0 0
0 300000 | 0 0 0 0
0 300000 | 0 0 0 0
0 300000 | 0 0 0 0
0 300000 | 0 0 0 0
0 300000 | 0 0 0 0
0 300000 | 0 0 0 0
0 300000 | 0 0 0 0
0 300000 | 0 0 0 0
0 300000 | 0 0 0 0
0 300000 | 0 0 0 0
0 300000 | 0 0 0 0
0 300000 | 0 0 0 0
0 300000 | 0 0 0 0
0 300000 | 0 0 0 0
0 300000 | 0 0 0 0
0 300000 | 0 0 0 0
0 300000 | 0 0 0 0
0 300000 | 0 0 0 0
0 300000 | 0 0 0 0
0 300000 | 0 0 0 0
0 300000 | 0 0 0 0
0 300000 | 0 0 0 0
0 300000 | 0 0 0 0
0 300000 | 0 0 0 0
0 300000 | 0 0 0 0
0 300000 | 0 0 0 0
0 300000 | 0 0 0 0
0 300000 | 0 0 0 0
0 300000 | 0 0 0 0
0 300000 | 0 0 0 0
0 300000 | 0 0 0 0
0 300000 | 0 0 0 0
0 300000 | 0 0 0 0
0 300000 | 0 0 0 0
0 300000 | 0 0 0 0
0 300000 | 0 0 0 0
0 300000 | 0 0 0 0
0 300000 | 0 0 0 0
0 300000 | 0 0 0 0
0 300000 | 0 0 0 0
0 300000 | 0 0 0 0
0 300000 | 0 0 0 0
0 300000 | 0 0 0 0
0 300000 | 0 0 0 0
0 300000 | 0 0 0 0
0 300000 | 0 0 0 0
0 300000 | 0 0 0 0
0 300000 | 0 0 0 0
0 300000 | 0 0 0 0
0 300000 | 0 0 0 0
0 300000 | 0 0 0 0
0 300000 | 0 0 0 0
0 300000 | 0 0 0 0
0 300000 | 0 0 0 0
0 300000 | 0 0 0 0
0 300000 | 0 0 0 0
0 300000 | 0 0 0 0
0 300000 | 0 0 0 0
0 300000 | 0 0 0 0
0 300000 | 0 0 0 0
0 300000 | 0 0 0 0
0 300000 | 0 0 0 0
0 300000 | 0 0 0 0
0 300000 | 0 0 0 0
0 300000 | 0 0 0 0
0 300000 | 0 0 0 0
0 300000 | 0 0 0 0
0 300000 | 0 0 0 0
0 300000 | 0 0 0 0
0 300000 | 0 0 0 0
0 300000 | 0 0 0 0
0 300000 | 0 0 0 0
0 300000 | 0 0 0 0
