2 200000 | 0 2 2 2
5 200000 | 0 5 5 5
2 200000 | 1 2 1 1
4 200000 | 0 4 4 4
5 200000 | 0 5 5 5
2 200000 | 1 2 1 1
4 200000 | 1 4 3 3
1 200000 | 0 1 1 1
2 200000 | 0 2 2 2
1 200000 | 0 1 1 1
2 200000 | 0 2 2 2
4 200000 | 1 4 3 3
3 200000 | 0 3 3 3
1 200000 | 0 1 1 1
3 200000 | 1 2 3 3
2 200000 | 0 2 2 2
1 200000 | 0 1 1 1
2 300000 | 0 2 2 2
4 300000 | 0 4 4 4
2 300000 | 0 2 2 2
6 300000 | 0 6 6 6
8 300000 | 0 8 8 8
1 300000 | 0 1 1 1
1 300000 | 0 1 1 1
1 300000 | 0 1 1 1
5 300000 | 1 5 4 4
1 300000 | 0 1 1 1
3 300000 | 0 3 3 3
3 300000 | 1 3 2 2
3 300000 | 0 3 3 3
1 300000 | 0 1 1 1
2 300000 | 1 2 1 1
1 300000 | 0 1 1 1
4 300000 | 0 4 4 4
3 300000 | 0 3 3 3
3 300000 | 1 3 2 2
1 300000 | 0 1 1 1
3 300000 | 0 3 3 3
7 300000 | 0 7 7 7
5 300000 | 0 5 5 5
2 300000 | 0 2 2 2
4 300000 | 0 4 4 4
2 300000 | 0 2 2 2
2 300000 | 0 2 2 2
1 300000 | 0 1 1 1
10 300000 | 0 10 10 10
1 300000 | 0 1 1 1
5 300000 | 1 5 4 4
2 300000 | 0 2 2 2
3 300000 | 0 3 3 3
7 300000 | 1 7 6 6
3 300000 | 0 3 3 3
5 300000 | 0 5 5 5
3 300000 | 0 3 3 3
3 300000 | 0 3 3 3
5 300000 | 0 5 5 5
3 300000 | 0 3 3 3
5 300000 | 0 5 5 5
2 300000 | 1 2 1 1
4 300000 | 0 4 4 4
1 300000 | 0 1 1 1
5 300000 | 1 5 4 4
6 300000 | 0 6 6 6
1 300000 | 0 1 1 1
1 300000 | 0 1 1 1
2 300000 | 0 2 2 2
0 300000 | 0 0 0 0
3 300000 | 0 3 3 3
2 300000 | 1 2 1 1
5 300000 | 0 5 5 5
2 300000 | 0 2 2 2
2 300000 | 0 2 2 2
3 300000 | 0 3 3 3
4 300000 | 0 4 4 4
6 300000 | 0 6 6 6
2 300000 | 0 2 2 2
3 300000 | 0 3 3 3
5 300000 | 0 5 5 5
3 300000 | 0 3 3 3
1 300000 | 0 1 1 1
8 300000 | 0 8 8 8
4 300000 | 1 4 3 3
4 300000 | 0 4 4 4
3 300000 | 0 3 3 3
4 300000 | 0 4 4 4
2 300000 | 0 2 2 2
8 300000 | 3 8 5 5
3 300000 | 0 3 3 3
