29 200000 | 29 25 4 4
44 200000 | 42 37 9 9
31 200000 | 28 25 9 9
33 200000 | 31 29 6 6
27 200000 | 26 23 5 5
28 200000 | 26 21 9 9
26 200000 | 26 18 8 8
31 200000 | 31 27 4 4
33 200000 | 29 30 7 7
30 200000 | 29 22 9 9
27 200000 | 26 21 7 7
31 200000 | 29 28 5 5
31 200000 | 31 23 8 8
29 200000 | 29 22 7 7
31 200000 | 28 27 7 7
22 200000 | 21 18 5 5
37 200000 | 37 29 8 8
31 200000 | 29 27 6 6
26 200000 | 26 18 8 8
35 200000 | 33 26 11 11
34 200000 | 33 28 7 7
30 200000 | 30 23 7 7
35 200000 | 32 25 13 13
30 200000 | 29 25 6 6
24 200000 | 22 21 5 5
26 200000 | 25 23 4 4
33 200000 | 32 30 4 4
20 200000 | 18 15 7 7
34 200000 | 33 33 2 2
33 200000 | 31 29 6 6
23 200000 | 21 17 8 8
24 200000 | 24 18 6 6
26 200000 | 25 22 5 5
35 200000 | 34 28 8 8
41 200000 | 40 33 9 9
35 200000 | 34 25 11 11
36 200000 | 34 28 10 10
34 200000 | 33 30 5 5
33 200000 | 31 23 12 12
28 200000 | 27 21 8 8
27 200000 | 26 23 5 5
25 200000 | 25 19 6 6
28 200000 | 27 24 5 5
26 200000 | 25 21 6 6
34 200000 | 32 29 7 7
34 200000 | 34 28 6 6
37 200000 | 36 28 10 10
18 200000 | 17 14 5 5
32 200000 | 31 24 9 9
21 200000 | 19 17 6 6
22 200000 | 21 19 4 4
32 200000 | 31 24 9 9
21 200000 | 21 19 2 2
32 200000 | 32 26 6 6
30 200000 | 30 26 4 4
24 200000 | 23 19 6 6
20 200000 | 19 16 5 5
25 200000 | 23 19 8 8
19 200000 | 19 13 6 6
35 200000 | 34 27 9 9
35 200000 | 33 30 7 7
33 200000 | 30 28 8 8
27 200000 | 27 19 8 8
28 200000 | 28 14 14 14
31 200000 | 31 22 9 9
30 200000 | 29 21 10 10
28 200000 | 26 19 11 11
33 200000 | 33 30 3 3
32 200000 | 32 27 5 5
29 200000 | 28 27 3 3
23 200000 | 22 20 4 4
27 200000 | 26 25 3 3
35 200000 | 35 26 9 9
27 200000 | 24 19 11 11
37 200000 | 35 26 13 13
29 200000 | 27 23 8 8
25 200000 | 23 21 6 6
30 200000 | 29 22 9 9
27 200000 | 27 19 8 8
40 200000 | 38 31 11 11
23 200000 | 23 20 3 3
32 200000 | 31 23 10 10
35 200000 | 35 28 7 7
35 200000 | 34 26 10 10
24 200000 | 21 23 4 4
33 200000 | 33 27 6 6
24 200000 | 24 19 5 5
29 200000 | 29 17 12 12
39 200000 | 38 26 14 14
31 200000 | 31 25 6 6
31 200000 | 30 24 8 8
25 200000 | 24 23 3 3
28 200000 | 28 19 9 9
24 200000 | 23 22 3 3
31 200000 | 28 24 10 10
36 200000 | 35 28 9 9
25 200000 | 23 20 7 7
16 200000 | 15 14 3 3
34 200000 | 32 25 11 11
34 200000 | 34 23 11 11
16 200000 | 16 11 5 5
33 200000 | 30 29 7 7
29 200000 | 29 18 11 11
36 200000 | 34 28 10 10
23 200000 | 23 17 6 6
25 200000 | 23 19 8 8
28 200000 | 27 24 5 5
46 300000 | 45 42 5 5
46 300000 | 44 39 9 9
45 300000 | 43 31 16 16
52 300000 | 49 39 16 16
51 300000 | 51 38 13 13
43 300000 | 41 35 10 10
44 300000 | 43 36 9 9
46 300000 | 44 35 13 13
46 300000 | 44 40 8 8
51 300000 | 51 38 13 13
47 300000 | 44 37 13 13
47 300000 | 45 35 14 14
36 300000 | 35 32 5 5
65 300000 | 63 53 14 14
42 300000 | 39 34 11 11
52 300000 | 51 39 14 14
47 300000 | 46 39 9 9
44 300000 | 44 35 9 9
39 300000 | 38 28 12 12
44 300000 | 43 36 9 9
41 300000 | 40 31 11 11
47 300000 | 45 41 8 8
39 300000 | 35 35 8 8
52 300000 | 49 46 9 9
49 300000 | 49 40 9 9
40 300000 | 38 30 12 12
47 300000 | 46 38 10 10
35 300000 | 33 32 5 5
56 300000 | 55 38 19 19
39 300000 | 37 31 10 10
48 300000 | 48 40 8 8
49 300000 | 47 35 16 16
40 300000 | 37 32 11 11
44 300000 | 42 36 10 10
41 300000 | 41 34 7 7
39 300000 | 38 32 8 8
38 300000 | 37 29 10 10
51 300000 | 44 42 16 16
45 300000 | 42 37 11 11
32 300000 | 28 29 7 7
43 300000 | 42 33 11 11
47 300000 | 46 34 14 14
38 300000 | 36 30 10 10
44 300000 | 43 38 7 7
33 300000 | 33 25 8 8
41 300000 | 40 37 5 5
55 300000 | 55 41 14 14
30 300000 | 30 24 6 6
