0 162622 | 0 0 0 0
1 162622 | 1 0 1 1
0 162622 | 0 0 0 0
0 162622 | 0 0 0 0
0 162622 | 0 0 0 0
0 200000 | 0 0 0 0
0 200000 | 0 0 0 0
0 200000 | 0 0 0 0
0 200000 | 0 0 0 0
1 200000 | 1 1 0 0
0 200000 | 0 0 0 0
0 200000 | 0 0 0 0
0 200000 | 0 0 0 0
0 200000 | 0 0 0 0
0 200000 | 0 0 0 0
1 200000 | 1 1 0 0
0 200000 | 0 0 0 0
0 200000 | 0 0 0 0
0 200000 | 0 0 0 0
0 200000 | 0 0 0 0
0 200000 | 0 0 0 0
1 200000 | 1 1 0 0
0 200000 | 0 0 0 0
0 200000 | 0 0 0 0
0 200000 | 0 0 0 0
1 200000 | 1 0 1 1
0 200000 | 0 0 0 0
0 200000 | 0 0 0 0
0 200000 | 0 0 0 0
0 200000 | 0 0 0 0
1 200000 | 1 0 1 1
0 200000 | 0 0 0 0
0 200000 | 0 0 0 0
0 200000 | 0 0 0 0
1 200000 | 1 0 1 1
2 200000 | 2 1 1 1
0 200000 | 0 0 0 0
0 200000 | 0 0 0 0
0 200000 | 0 0 0 0
0 200000 | 0 0 0 0
0 200000 | 0 0 0 0
0 200000 | 0 0 0 0
0 200000 | 0 0 0 0
0 200000 | 0 0 0 0
0 200000 | 0 0 0 0
0 200000 | 0 0 0 0
1 200000 | 1 1 0 0
0 200000 | 0 0 0 0
1 200000 | 1 0 1 1
1 200000 | 1 1 0 0
0 200000 | 0 0 0 0
0 200000 | 0 0 0 0
1 200000 | 1 0 1 1
0 200000 | 0 0 0 0
0 200000 | 0 0 0 0
2 200000 | 2 0 2 2
0 200000 | 0 0 0 0
0 200000 | 0 0 0 0
0 200000 | 0 0 0 0
0 200000 | 0 0 0 0
0 200000 | 0 0 0 0
1 200000 | 1 0 1 1
0 200000 | 0 0 0 0
0 200000 | 0 0 0 0
2 200000 | 2 0 2 2
1 200000 | 1 0 1 1
0 200000 | 0 0 0 0
