705 200000 | 363 699 348 348
698 200000 | 332 691 373 373
665 200000 | 340 660 330 330
681 200000 | 358 673 331 331
709 200000 | 360 700 358 358
640 200000 | 357 632 291 291
675 200000 | 354 662 334 334
661 200000 | 327 652 343 343
704 200000 | 370 697 341 341
679 200000 | 354 674 330 330
664 200000 | 329 649 350 350
667 200000 | 349 658 327 327
678 200000 | 349 667 340 340
667 200000 | 325 656 353 353
633 200000 | 332 626 308 308
628 200000 | 342 619 295 295
678 200000 | 342 668 346 346
702 200000 | 349 697 358 358
617 200000 | 319 609 306 306
688 200000 | 343 680 353 353
672 200000 | 353 667 324 324
693 200000 | 372 685 329 329
665 200000 | 365 656 309 309
646 200000 | 328 641 323 323
685 200000 | 341 677 352 352
649 200000 | 352 640 306 306
693 200000 | 359 682 345 345
713 200000 | 347 701 378 378
688 200000 | 357 674 345 345
702 200000 | 363 692 349 349
669 200000 | 334 663 341 341
665 200000 | 342 652 336 336
702 200000 | 355 692 357 357
707 200000 | 357 700 357 357
740 200000 | 365 736 379 379
647 200000 | 323 637 334 334
693 200000 | 357 685 344 344
660 200000 | 334 649 337 337
634 200000 | 327 625 316 316
689 200000 | 350 682 346 346
689 200000 | 346 678 354 354
651 200000 | 326 642 334 334
713 200000 | 371 700 355 355
702 200000 | 345 696 363 363
691 200000 | 355 682 345 345
666 200000 | 362 651 319 319
682 200000 | 332 670 362 362
713 200000 | 379 698 349 349
640 200000 | 311 632 337 337
636 200000 | 314 625 333 333
667 200000 | 343 658 333 333
726 200000 | 355 717 380 380
702 200000 | 359 693 352 352
668 200000 | 344 657 335 335
682 200000 | 315 667 382 382
710 200000 | 365 705 350 350
661 200000 | 341 649 332 332
687 200000 | 342 677 355 355
689 200000 | 378 681 319 319
641 200000 | 317 630 335 335
696 200000 | 357 690 345 345
699 200000 | 380 688 330 330
710 200000 | 366 695 359 359
696 200000 | 343 684 365 365
694 200000 | 322 685 381 381
657 200000 | 330 643 341 341
689 200000 | 346 674 358 358
685 200000 | 338 673 359 359
704 200000 | 362 695 351 351
744 200000 | 388 736 364 364
671 200000 | 342 658 342 342
673 200000 | 352 663 331 331
650 200000 | 339 644 317 317
718 200000 | 362 706 368 368
