488 200000 | 289 355 332 332
459 200000 | 276 323 319 319
464 200000 | 278 330 320 320
469 200000 | 294 327 317 317
488 200000 | 283 343 350 350
455 200000 | 276 309 325 325
469 200000 | 282 342 314 314
488 200000 | 278 355 343 343
481 200000 | 290 337 335 335
458 200000 | 279 327 310 310
478 200000 | 287 339 330 330
451 200000 | 276 303 323 323
482 200000 | 281 338 345 345
500 200000 | 287 360 353 353
529 200000 | 308 384 366 366
460 200000 | 277 329 314 314
450 200000 | 282 305 313 313
479 200000 | 296 333 329 329
490 200000 | 297 334 349 349
483 200000 | 280 341 345 345
481 200000 | 297 319 346 346
528 200000 | 311 359 386 386
