184 200000 | 176 143 49 49
216 200000 | 205 151 76 76
202 200000 | 191 157 56 56
199 200000 | 188 146 64 64
193 200000 | 182 142 62 62
167 200000 | 160 128 46 46
207 200000 | 196 161 57 57
197 200000 | 190 159 45 45
186 200000 | 179 154 39 39
198 200000 | 188 151 57 57
221 200000 | 211 163 68 68
204 200000 | 197 152 59 59
194 200000 | 181 150 57 57
197 200000 | 186 155 53 53
180 200000 | 171 139 50 50
206 200000 | 195 154 63 63
209 200000 | 193 162 63 63
222 200000 | 213 171 60 60
206 200000 | 193 163 56 56
178 200000 | 166 134 56 56
197 200000 | 184 142 68 68
201 200000 | 190 166 46 46
199 200000 | 189 151 58 58
201 200000 | 191 156 55 55
200 200000 | 187 153 60 60
184 200000 | 172 140 56 56
200 200000 | 189 145 66 66
192 200000 | 180 154 50 50
189 200000 | 169 145 64 64
184 200000 | 171 140 57 57
192 200000 | 178 146 60 60
182 200000 | 175 131 58 58
178 200000 | 169 147 40 40
188 200000 | 178 145 53 53
198 200000 | 185 153 58 58
173 200000 | 161 129 56 56
192 200000 | 181 149 54 54
198 200000 | 187 161 48 48
182 200000 | 172 137 55 55
179 200000 | 168 133 57 57
198 200000 | 188 154 54 54
185 200000 | 174 145 51 51
192 200000 | 184 143 57 57
176 200000 | 170 129 53 53
207 200000 | 198 164 52 52
184 200000 | 179 137 52 52
193 200000 | 183 141 62 62
187 200000 | 180 144 50 50
187 200000 | 176 144 54 54
195 200000 | 186 149 55 55
189 200000 | 178 143 57 57
197 200000 | 183 163 48 48
193 200000 | 181 153 52 52
209 200000 | 198 164 56 56
168 200000 | 159 130 47 47
184 200000 | 169 139 60 60
193 200000 | 183 139 64 64
202 200000 | 194 136 74 74
190 200000 | 179 147 54 54
190 200000 | 175 141 64 64
193 200000 | 182 151 53 53
180 200000 | 167 143 50 50
186 200000 | 172 151 49 49
206 200000 | 194 151 67 67
187 200000 | 175 148 51 51
173 200000 | 164 130 52 52
180 200000 | 172 136 52 52
192 200000 | 180 150 54 54
202 200000 | 190 147 67 67
155 200000 | 147 121 42 42
203 200000 | 194 158 54 54
204 200000 | 190 158 60 60
169 200000 | 159 130 49 49
201 200000 | 194 152 56 56
196 200000 | 190 148 54 54
192 200000 | 183 147 54 54
202 200000 | 194 154 56 56
191 200000 | 178 151 53 53
213 200000 | 195 167 64 64
207 200000 | 197 160 57 57
154 200000 | 148 113 47 47
184 200000 | 175 134 59 59
184 200000 | 175 140 53 53
183 200000 | 170 148 48 48
188 200000 | 180 147 49 49
169 200000 | 161 127 50 50
184 200000 | 176 134 58 58
208 200000 | 199 156 61 61
187 200000 | 179 146 49 49
201 200000 | 194 157 51 51
183 200000 | 177 131 58 58
172 200000 | 166 128 50 50
195 200000 | 189 157 44 44
199 200000 | 186 155 57 57
194 200000 | 183 147 58 58
165 200000 | 154 130 46 46
187 200000 | 174 146 54 54
189 200000 | 180 144 54 54
188 200000 | 174 150 52 52
