182 300000 | 83 141 140 140
197 300000 | 97 147 150 150
168 300000 | 87 122 127 127
173 300000 | 84 125 137 137
173 300000 | 89 125 132 132
187 300000 | 109 127 138 138
200 300000 | 102 151 147 147
168 300000 | 91 130 115 115
178 300000 | 97 131 128 128
167 300000 | 93 121 120 120
173 300000 | 90 130 126 126
167 300000 | 79 129 126 126
189 300000 | 96 141 141 141
187 300000 | 100 135 139 139
206 300000 | 103 155 154 154
220 300000 | 115 165 160 160
223 300000 | 108 175 163 163
191 300000 | 94 141 147 147
190 300000 | 106 132 142 142
191 300000 | 94 137 151 151
172 300000 | 90 123 131 131
185 300000 | 92 132 146 146
190 300000 | 93 156 131 131
187 300000 | 89 141 144 144
174 300000 | 92 130 126 126
190 300000 | 92 147 141 141
191 300000 | 98 150 134 134
