1087 200000 | 1060 1052 62 62
1122 200000 | 1108 1090 46 46
1087 200000 | 1066 1049 59 59
1109 200000 | 1092 1079 47 47
1162 200000 | 1144 1128 52 52
1115 200000 | 1096 1086 48 48
1104 200000 | 1086 1067 55 55
1113 200000 | 1081 1084 61 61
1145 200000 | 1119 1110 61 61
1102 200000 | 1080 1065 59 59
1149 200000 | 1122 1122 54 54
1154 200000 | 1128 1115 65 65
1140 200000 | 1113 1108 59 59
1106 200000 | 1083 1075 54 54
1133 200000 | 1118 1103 45 45
1091 200000 | 1068 1066 48 48
1135 200000 | 1112 1104 54 54
1163 200000 | 1142 1134 50 50
1152 200000 | 1125 1121 58 58
1096 200000 | 1081 1068 43 43
1146 200000 | 1117 1122 53 53
1159 200000 | 1132 1117 69 69
1135 200000 | 1109 1095 66 66
1105 200000 | 1089 1079 42 42
1085 200000 | 1057 1061 52 52
1155 200000 | 1132 1127 51 51
1173 200000 | 1153 1153 40 40
1129 200000 | 1098 1104 56 56
1115 200000 | 1092 1081 57 57
1131 200000 | 1110 1097 55 55
1112 200000 | 1094 1083 47 47
1110 200000 | 1083 1081 56 56
1111 200000 | 1090 1086 46 46
1121 200000 | 1091 1095 56 56
1064 200000 | 1047 1041 40 40
1121 200000 | 1093 1088 61 61
1114 200000 | 1100 1091 37 37
1131 200000 | 1104 1103 55 55
1108 200000 | 1083 1085 48 48
1150 200000 | 1132 1111 57 57
1154 200000 | 1134 1123 51 51
1109 200000 | 1084 1084 50 50
1116 200000 | 1098 1090 44 44
1141 200000 | 1107 1108 67 67
1144 200000 | 1119 1105 64 64
