8 200000 | 8 6 2 2
3 200000 | 3 3 0 0
3 200000 | 3 3 0 0
5 200000 | 5 2 3 3
7 200000 | 7 4 3 3
6 200000 | 6 3 3 3
7 200000 | 7 6 1 1
7 200000 | 7 5 2 2
10 200000 | 10 7 3 3
1 200000 | 1 1 0 0
5 200000 | 5 3 2 2
3 200000 | 3 3 0 0
3 200000 | 3 1 2 2
7 200000 | 7 4 3 3
9 300000 | 8 6 4 4
8 300000 | 8 3 5 5
11 300000 | 10 8 4 4
8 300000 | 6 5 5 5
10 300000 | 9 6 5 5
5 300000 | 5 3 2 2
8 300000 | 8 8 0 0
7 300000 | 7 2 5 5
11 300000 | 11 5 6 6
7 300000 | 7 4 3 3
7 300000 | 7 6 1 1
8 300000 | 8 5 3 3
9 300000 | 9 6 3 3
10 300000 | 9 7 4 4
8 300000 | 8 5 3 3
3 300000 | 3 1 2 2
9 300000 | 9 6 3 3
7 300000 | 7 3 4 4
6 300000 | 6 3 3 3
8 300000 | 8 4 4 4
6 300000 | 6 2 4 4
1 300000 | 1 0 1 1
9 300000 | 9 3 6 6
7 300000 | 7 6 1 1
5 300000 | 5 4 1 1
7 300000 | 7 4 3 3
7 300000 | 7 4 3 3
5 300000 | 5 3 2 2
10 300000 | 10 7 3 3
4 300000 | 3 2 3 3
4 300000 | 4 3 1 1
3 300000 | 3 2 1 1
13 300000 | 13 7 6 6
7 300000 | 7 3 4 4
8 300000 | 8 5 3 3
6 300000 | 6 3 3 3
9 300000 | 8 5 5 5
9 300000 | 9 7 2 2
10 300000 | 10 5 5 5
18 300000 | 18 11 7 7
15 300000 | 15 7 8 8
11 300000 | 11 5 6 6
7 300000 | 7 3 4 4
10 300000 | 10 8 2 2
10 300000 | 10 5 5 5
8 300000 | 8 6 2 2
9 300000 | 8 3 7 7
9 300000 | 8 4 6 6
16 300000 | 15 12 5 5
11 300000 | 11 9 2 2
11 300000 | 11 8 3 3
6 300000 | 6 1 5 5
4 300000 | 3 2 3 3
6 300000 | 6 5 1 1
11 300000 | 11 5 6 6
9 300000 | 9 9 0 0
10 300000 | 10 5 5 5
8 300000 | 8 6 2 2
8 300000 | 8 5 3 3
8 300000 | 8 5 3 3
6 300000 | 6 4 2 2
8 300000 | 8 6 2 2
9 300000 | 8 6 4 4
8 300000 | 8 4 4 4
9 300000 | 9 5 4 4
10 300000 | 10 6 4 4
8 300000 | 8 3 5 5
7 300000 | 6 7 1 1
11 300000 | 11 9 2 2
13 300000 | 13 9 4 4
15 300000 | 15 12 3 3
4 300000 | 4 1 3 3
10 300000 | 10 5 5 5
8 300000 | 8 6 2 2
4 300000 | 4 4 0 0
12 300000 | 12 10 2 2
8 300000 | 8 4 4 4
10 300000 | 10 5 5 5
10 300000 | 10 7 3 3
12 300000 | 12 6 6 6
6 300000 | 6 3 3 3
9 300000 | 9 7 2 2
5 300000 | 5 3 2 2
12 300000 | 12 9 3 3
11 300000 | 11 6 5 5
13 300000 | 13 4 9 9
5 300000 | 5 3 2 2
12 300000 | 12 7 5 5
5 300000 | 5 3 2 2
10 300000 | 10 5 5 5
11 300000 | 10 6 6 6
11 300000 | 11 8 3 3
8 300000 | 8 5 3 3
13 300000 | 13 8 5 5
12 300000 | 12 6 6 6
4 300000 | 4 3 1 1
9 300000 | 9 7 2 2
8 300000 | 8 6 2 2
4 300000 | 4 2 2 2
12 300000 | 12 7 5 5
9 300000 | 9 2 7 7
6 300000 | 6 5 1 1
9 300000 | 9 6 3 3
9 300000 | 9 1 8 8
9 300000 | 9 8 1 1
11 300000 | 10 9 3 3
7 300000 | 7 5 2 2
13 300000 | 13 7 6 6
7 300000 | 7 5 2 2
7 300000 | 7 5 2 2
11 300000 | 11 3 8 8
12 300000 | 12 8 4 4
11 300000 | 11 9 2 2
9 300000 | 8 5 5 5
10 300000 | 10 3 7 7
9 300000 | 9 5 4 4
6 300000 | 5 5 2 2
14 300000 | 13 9 6 6
8 300000 | 7 6 3 3
9 300000 | 9 3 6 6
10 300000 | 10 7 3 3
11 300000 | 11 6 5 5
8 300000 | 8 4 4 4
13 300000 | 13 10 3 3
10 300000 | 9 6 5 5
8 300000 | 8 4 4 4
9 300000 | 9 6 3 3
3 300000 | 3 2 1 1
9 300000 | 9 7 2 2
11 300000 | 11 5 6 6
5 300000 | 5 2 3 3
6 300000 | 6 3 3 3
10 300000 | 10 4 6 6
14 300000 | 14 10 4 4
6 300000 | 6 3 3 3
