553 200000 | 535 234 337 337
585 200000 | 559 249 362 362
569 200000 | 548 240 350 350
578 200000 | 566 246 344 344
550 200000 | 537 229 334 334
554 200000 | 541 233 334 334
588 200000 | 568 268 340 340
559 200000 | 543 208 367 367
572 200000 | 554 232 358 358
539 200000 | 528 223 327 327
579 200000 | 562 246 350 350
606 200000 | 583 235 394 394
545 200000 | 534 220 336 336
551 200000 | 531 227 344 344
553 200000 | 534 243 329 329
573 200000 | 548 251 347 347
551 200000 | 540 225 337 337
521 200000 | 507 226 309 309
549 200000 | 539 218 341 341
563 200000 | 545 240 341 341
538 200000 | 521 221 334 334
567 200000 | 550 245 339 339
543 200000 | 524 216 346 346
556 200000 | 537 237 338 338
546 200000 | 527 236 329 329
544 200000 | 523 225 340 340
567 200000 | 547 269 318 318
530 200000 | 510 243 307 307
560 200000 | 547 239 334 334
519 200000 | 504 211 323 323
578 200000 | 560 247 349 349
535 200000 | 524 227 319 319
530 200000 | 513 231 316 316
563 200000 | 537 231 358 358
567 200000 | 542 245 347 347
576 200000 | 553 254 345 345
574 200000 | 547 272 329 329
549 200000 | 526 245 327 327
554 200000 | 537 255 316 316
513 200000 | 498 207 321 321
570 200000 | 546 243 351 351
599 200000 | 582 246 370 370
527 200000 | 505 210 339 339
585 200000 | 562 270 338 338
526 200000 | 506 211 335 335
586 200000 | 566 256 350 350
512 200000 | 490 215 319 319
533 200000 | 521 212 333 333
526 200000 | 512 218 322 322
554 200000 | 534 243 331 331
519 200000 | 500 217 321 321
580 200000 | 558 234 368 368
584 200000 | 567 257 344 344
540 200000 | 517 231 332 332
564 200000 | 546 235 347 347
541 200000 | 518 264 300 300
546 200000 | 525 245 322 322
528 200000 | 511 204 341 341
554 200000 | 538 226 344 344
574 200000 | 560 253 335 335
547 200000 | 535 216 343 343
566 200000 | 552 232 348 348
568 200000 | 545 215 376 376
549 200000 | 530 238 330 330
564 200000 | 543 230 355 355
551 200000 | 534 239 329 329
558 200000 | 546 233 337 337
545 200000 | 527 246 317 317
542 200000 | 530 232 322 322
600 200000 | 581 236 383 383
557 200000 | 537 244 333 333
557 200000 | 535 249 330 330
554 200000 | 539 228 341 341
545 200000 | 530 246 314 314
541 200000 | 523 241 318 318
572 200000 | 555 268 321 321
581 200000 | 562 255 345 345
588 200000 | 564 243 369 369
554 200000 | 539 234 335 335
552 200000 | 541 207 356 356
557 200000 | 538 231 345 345
537 200000 | 516 226 332 332
581 200000 | 570 262 330 330
559 200000 | 543 207 368 368
603 200000 | 583 262 361 361
560 200000 | 546 221 353 353
535 200000 | 519 235 316 316
571 200000 | 560 254 328 328
549 200000 | 532 233 333 333
549 200000 | 527 237 334 334
