1431 200000 | 1063 1080 719 719
1356 200000 | 1017 998 697 697
1369 200000 | 1023 1009 706 706
1335 200000 | 970 1023 677 677
1371 200000 | 1002 1028 712 712
1315 200000 | 971 976 683 683
1388 200000 | 1018 1019 739 739
1355 200000 | 984 1013 713 713
1386 200000 | 1028 1067 677 677
1389 200000 | 1011 1033 734 734
1377 200000 | 1042 1029 683 683
1360 200000 | 991 1026 703 703
1404 200000 | 1047 1059 702 702
1324 200000 | 985 988 675 675
1388 200000 | 1026 1036 714 714
1330 200000 | 971 1002 687 687
1415 200000 | 1056 1064 710 710
1337 200000 | 1007 979 688 688
1331 200000 | 1002 975 685 685
1408 200000 | 1037 1057 722 722
1381 200000 | 1055 1034 673 673
1419 200000 | 1050 1039 749 749
1363 200000 | 1021 998 707 707
1407 200000 | 1049 1072 693 693
1435 200000 | 1078 1064 728 728
1361 200000 | 1004 1015 703 703
1318 200000 | 1000 1002 634 634
1392 200000 | 1052 1029 703 703
1385 200000 | 1035 1044 691 691
1379 200000 | 1009 1024 725 725
1378 200000 | 1027 1024 705 705
1370 200000 | 1028 1069 643 643
1371 200000 | 1009 1033 700 700
1362 200000 | 1015 1031 678 678
1360 200000 | 1015 1012 693 693
1355 200000 | 1009 1019 682 682
1336 200000 | 980 1010 682 682
