11 200000 | 2 11 9 9
17 200000 | 1 17 16 16
18 200000 | 3 18 15 15
15 200000 | 2 15 13 13
17 200000 | 1 17 16 16
14 200000 | 4 13 11 11
15 200000 | 2 14 14 14
9 200000 | 2 9 7 7
15 200000 | 3 15 12 12
15 200000 | 0 15 15 15
16 200000 | 2 16 14 14
14 200000 | 0 14 14 14
20 200000 | 2 19 19 19
20 200000 | 0 20 20 20
17 200000 | 2 17 15 15
13 200000 | 3 13 10 10
23 200000 | 7 22 17 17
22 200000 | 2 22 20 20
16 200000 | 2 16 14 14
13 200000 | 2 13 11 11
24 300000 | 3 23 22 22
29 300000 | 6 28 24 24
30 300000 | 6 30 24 24
25 300000 | 5 25 20 20
32 300000 | 4 32 28 28
18 300000 | 1 18 17 17
23 300000 | 4 23 19 19
27 300000 | 1 27 26 26
26 300000 | 2 26 24 24
20 300000 | 6 19 15 15
27 300000 | 4 26 24 24
26 300000 | 1 26 25 25
17 300000 | 3 17 14 14
17 300000 | 5 17 12 12
22 300000 | 4 21 19 19
29 300000 | 5 28 25 25
21 300000 | 1 21 20 20
21 300000 | 3 21 18 18
19 300000 | 5 19 14 14
15 300000 | 3 15 12 12
22 300000 | 5 21 18 18
21 300000 | 3 20 19 19
38 300000 | 5 37 34 34
31 300000 | 6 30 26 26
23 300000 | 7 21 18 18
20 300000 | 1 20 19 19
27 300000 | 5 26 23 23
14 300000 | 1 14 13 13
15 300000 | 4 15 11 11
18 300000 | 3 18 15 15
31 300000 | 3 30 29 29
27 300000 | 4 26 24 24
22 300000 | 2 22 20 20
27 300000 | 4 27 23 23
32 300000 | 7 31 26 26
22 300000 | 6 22 16 16
24 300000 | 4 23 21 21
29 300000 | 3 28 27 27
19 300000 | 4 19 15 15
25 300000 | 4 25 21 21
24 300000 | 3 24 21 21
22 300000 | 5 22 17 17
17 300000 | 2 17 15 15
20 300000 | 3 20 17 17
16 300000 | 1 16 15 15
26 300000 | 3 26 23 23
31 300000 | 2 31 29 29
19 300000 | 4 19 15 15
24 300000 | 2 24 22 22
18 300000 | 2 18 16 16
26 300000 | 3 26 23 23
27 300000 | 4 27 23 23
23 300000 | 3 23 20 20
26 300000 | 1 26 25 25
27 300000 | 5 25 24 24
29 300000 | 4 28 26 26
24 300000 | 7 24 17 17
20 300000 | 1 20 19 19
23 300000 | 1 22 23 23
23 300000 | 1 23 22 22
29 300000 | 7 28 23 23
28 300000 | 1 28 27 27
21 300000 | 2 21 19 19
20 300000 | 6 20 14 14
27 300000 | 1 27 26 26
23 300000 | 2 23 21 21
22 300000 | 3 21 20 20
30 300000 | 3 30 27 27
30 300000 | 3 30 27 27
28 300000 | 6 28 22 22
22 300000 | 1 22 21 21
30 300000 | 5 30 25 25
21 300000 | 4 20 18 18
18 300000 | 2 18 16 16
26 300000 | 5 25 22 22
16 300000 | 1 16 15 15
29 300000 | 6 29 23 23
19 300000 | 1 19 18 18
23 300000 | 2 22 22 22
25 300000 | 6 25 19 19
15 300000 | 1 15 14 14
26 300000 | 3 25 24 24
28 300000 | 3 28 25 25
18 300000 | 1 18 17 17
24 300000 | 4 24 20 20
27 300000 | 4 27 23 23
38 300000 | 3 38 35 35
38 300000 | 4 38 34 34
20 300000 | 2 20 18 18
23 300000 | 5 23 18 18
20 300000 | 2 20 18 18
21 300000 | 4 20 18 18
14 300000 | 1 14 13 13
24 300000 | 3 23 22 22
22 300000 | 1 22 21 21
21 300000 | 3 21 18 18
26 300000 | 3 26 23 23
30 300000 | 2 30 28 28
24 300000 | 2 24 22 22
26 300000 | 4 26 22 22
25 300000 | 3 25 22 22
26 300000 | 6 25 21 21
24 300000 | 3 24 21 21
24 300000 | 2 23 23 23
27 300000 | 4 26 24 24
26 300000 | 6 26 20 20
18 300000 | 2 17 17 17
27 300000 | 3 26 25 25
17 300000 | 2 17 15 15
23 300000 | 4 23 19 19
22 300000 | 2 22 20 20
13 300000 | 0 13 13 13
29 300000 | 5 29 24 24
16 300000 | 2 16 14 14
23 300000 | 5 22 19 19
25 300000 | 2 25 23 23
25 300000 | 4 25 21 21
22 300000 | 2 22 20 20
23 300000 | 2 22 22 22
23 300000 | 3 22 21 21
21 300000 | 5 20 17 17
18 300000 | 1 18 17 17
21 300000 | 4 21 17 17
27 300000 | 4 27 23 23
25 300000 | 3 25 22 22
25 300000 | 5 24 21 21
32 300000 | 3 32 29 29
22 300000 | 1 22 21 21
18 300000 | 1 18 17 17
28 300000 | 5 27 24 24
16 300000 | 3 16 13 13
17 300000 | 5 16 13 13
26 300000 | 4 26 22 22
26 300000 | 2 26 24 24
23 300000 | 3 23 20 20
26 300000 | 6 26 20 20
29 300000 | 3 29 26 26
25 300000 | 5 25 20 20
20 300000 | 3 20 17 17
23 300000 | 3 22 21 21
18 300000 | 3 18 15 15
27 300000 | 4 27 23 23
26 300000 | 4 26 22 22
27 300000 | 6 26 22 22
25 300000 | 5 24 21 21
19 300000 | 4 19 15 15
25 300000 | 4 24 22 22
16 300000 | 3 16 13 13
25 300000 | 3 25 22 22
20 300000 | 2 20 18 18
14 300000 | 2 14 12 12
21 300000 | 4 21 17 17
35 300000 | 5 35 30 30
21 300000 | 5 19 18 18
12 300000 | 0 12 12 12
23 300000 | 3 23 20 20
22 300000 | 8 22 14 14
20 300000 | 2 20 18 18
27 300000 | 6 26 22 22
26 300000 | 7 25 20 20
41 300000 | 8 40 34 34
27 300000 | 1 26 27 27
