235 200000 | 235 114 121 121
278 200000 | 277 130 149 149
295 200000 | 295 152 143 143
263 200000 | 263 154 109 109
230 200000 | 229 125 106 106
252 200000 | 252 119 133 133
258 200000 | 256 132 128 128
228 200000 | 226 116 114 114
248 200000 | 246 125 125 125
253 200000 | 251 124 131 131
293 200000 | 292 154 140 140
258 200000 | 255 127 134 134
261 200000 | 261 117 144 144
260 200000 | 257 130 133 133
206 200000 | 205 118 89 89
256 200000 | 256 117 139 139
255 200000 | 252 140 118 118
262 200000 | 260 130 134 134
266 200000 | 264 128 140 140
224 200000 | 221 114 113 113
230 200000 | 227 103 130 130
249 200000 | 248 129 121 121
264 200000 | 261 131 136 136
244 200000 | 242 123 123 123
234 200000 | 234 100 134 134
210 200000 | 208 103 109 109
264 200000 | 264 141 123 123
256 200000 | 253 123 136 136
261 200000 | 261 141 120 120
253 200000 | 251 148 107 107
262 200000 | 261 130 133 133
258 200000 | 254 128 134 134
242 200000 | 239 117 128 128
285 200000 | 284 137 149 149
230 200000 | 226 110 124 124
254 200000 | 253 138 117 117
266 200000 | 265 125 142 142
248 200000 | 245 129 122 122
246 200000 | 246 135 111 111
241 200000 | 239 132 111 111
267 200000 | 267 144 123 123
250 200000 | 249 118 133 133
270 200000 | 266 143 131 131
240 200000 | 237 136 107 107
250 200000 | 249 126 125 125
248 200000 | 245 120 131 131
267 200000 | 265 146 123 123
273 200000 | 270 145 131 131
245 200000 | 245 125 120 120
252 200000 | 250 132 122 122
264 200000 | 262 110 156 156
289 200000 | 287 140 151 151
254 200000 | 254 122 132 132
265 200000 | 264 132 134 134
270 200000 | 269 121 150 150
250 200000 | 250 123 127 127
249 200000 | 248 126 124 124
228 200000 | 226 124 106 106
210 200000 | 208 97 115 115
267 200000 | 264 134 136 136
261 200000 | 259 127 136 136
271 200000 | 270 132 140 140
252 200000 | 251 112 141 141
250 200000 | 249 133 118 118
241 200000 | 240 126 116 116
268 200000 | 265 127 144 144
278 200000 | 276 143 137 137
266 200000 | 265 134 133 133
247 200000 | 246 130 118 118
265 200000 | 264 131 135 135
242 200000 | 242 121 121 121
227 200000 | 225 113 116 116
261 200000 | 260 125 137 137
249 200000 | 247 119 132 132
260 200000 | 258 116 146 146
238 200000 | 235 121 120 120
247 200000 | 246 117 131 131
255 200000 | 255 128 127 127
257 200000 | 256 122 136 136
238 200000 | 238 111 127 127
275 200000 | 273 129 148 148
285 200000 | 283 138 149 149
235 200000 | 232 136 102 102
274 200000 | 271 145 132 132
256 200000 | 254 138 120 120
266 200000 | 266 149 117 117
265 200000 | 265 144 121 121
285 200000 | 283 143 144 144
262 200000 | 262 121 141 141
263 200000 | 263 130 133 133
253 200000 | 251 131 124 124
257 200000 | 257 128 129 129
280 200000 | 279 132 149 149
246 200000 | 244 118 130 130
269 200000 | 268 132 138 138
288 200000 | 283 150 143 143
253 200000 | 251 135 120 120
290 200000 | 287 150 143 143
237 200000 | 234 120 120 120
250 200000 | 248 118 134 134
265 200000 | 264 139 127 127
233 200000 | 232 112 122 122
271 200000 | 267 137 138 138
254 200000 | 251 124 133 133
255 200000 | 254 123 133 133
240 200000 | 238 131 111 111
264 200000 | 261 115 152 152
240 200000 | 239 137 104 104
245 200000 | 243 110 137 137
276 200000 | 273 131 148 148
260 200000 | 258 130 132 132
248 200000 | 247 127 122 122
248 200000 | 248 114 134 134
256 200000 | 255 119 138 138
256 200000 | 253 129 130 130
290 200000 | 286 156 138 138
273 200000 | 273 146 127 127
251 200000 | 251 127 124 124
243 200000 | 240 113 133 133
245 200000 | 244 111 135 135
255 200000 | 253 121 136 136
292 200000 | 289 148 147 147
247 200000 | 246 122 126 126
261 200000 | 257 139 126 126
267 200000 | 265 147 122 122
249 200000 | 248 119 131 131
247 200000 | 245 118 131 131
243 200000 | 242 129 115 115
259 200000 | 259 120 139 139
227 200000 | 227 105 122 122
264 200000 | 262 142 124 124
289 200000 | 289 154 135 135
243 200000 | 241 118 127 127
262 200000 | 260 133 131 131
268 200000 | 267 142 127 127
231 200000 | 229 101 132 132
265 200000 | 264 142 124 124
262 200000 | 261 121 142 142
263 200000 | 261 142 123 123
252 200000 | 251 123 130 130
229 200000 | 226 120 112 112
252 200000 | 251 138 115 115
265 200000 | 263 138 129 129
233 200000 | 232 124 110 110
258 200000 | 256 132 128 128
224 200000 | 223 116 109 109
242 200000 | 240 119 125 125
254 200000 | 254 126 128 128
272 200000 | 271 126 147 147
241 200000 | 240 113 129 129
258 200000 | 258 130 128 128
249 200000 | 247 137 114 114
275 200000 | 274 134 142 142
265 200000 | 262 139 129 129
252 200000 | 251 108 145 145
275 200000 | 274 116 160 160
238 200000 | 235 128 113 113
251 200000 | 251 127 124 124
267 200000 | 266 136 132 132
269 200000 | 269 147 122 122
235 200000 | 235 104 131 131
277 200000 | 277 123 154 154
289 200000 | 284 165 129 129
268 200000 | 268 109 159 159
255 200000 | 251 124 135 135
250 200000 | 246 135 119 119
234 200000 | 232 125 111 111
250 200000 | 246 122 132 132
246 200000 | 244 128 120 120
260 200000 | 256 122 142 142
264 200000 | 261 126 141 141
262 200000 | 262 123 139 139
257 200000 | 255 143 116 116
255 200000 | 251 140 119 119
254 200000 | 251 139 118 118
266 200000 | 262 134 136 136
252 200000 | 252 127 125 125
251 200000 | 249 137 116 116
266 200000 | 262 144 126 126
241 200000 | 241 136 105 105
224 200000 | 221 124 103 103
287 200000 | 281 145 148 148
236 200000 | 235 116 121 121
272 200000 | 269 131 144 144
270 200000 | 266 128 146 146
262 200000 | 262 134 128 128
275 200000 | 272 147 131 131
266 200000 | 263 133 136 136
275 200000 | 273 135 142 142
271 200000 | 269 128 145 145
273 200000 | 273 136 137 137
263 200000 | 262 125 139 139
231 200000 | 228 119 115 115
242 200000 | 241 121 122 122
278 200000 | 274 143 139 139
275 200000 | 273 132 145 145
