102 200000 | 102 36 66 66
134 200000 | 134 48 86 86
122 200000 | 121 49 74 74
123 200000 | 121 37 88 88
131 200000 | 130 52 80 80
133 200000 | 133 41 92 92
93 200000 | 93 30 63 63
128 200000 | 128 34 94 94
112 200000 | 110 56 58 58
119 200000 | 118 38 82 82
136 200000 | 134 51 87 87
99 200000 | 98 39 61 61
134 200000 | 132 53 83 83
117 200000 | 115 45 74 74
119 200000 | 118 38 82 82
130 200000 | 127 41 92 92
139 200000 | 137 59 82 82
123 200000 | 123 49 74 74
123 200000 | 123 47 76 76
116 200000 | 115 47 70 70
136 200000 | 136 54 82 82
130 200000 | 130 48 82 82
111 200000 | 110 32 80 80
121 200000 | 120 45 77 77
121 200000 | 119 39 84 84
118 200000 | 118 34 84 84
118 200000 | 117 42 77 77
103 200000 | 103 28 75 75
113 200000 | 113 39 74 74
122 200000 | 119 53 72 72
131 200000 | 129 41 92 92
112 200000 | 109 37 78 78
127 200000 | 125 52 77 77
126 200000 | 125 52 75 75
127 200000 | 125 42 87 87
136 200000 | 135 40 97 97
115 200000 | 113 42 75 75
139 200000 | 136 50 92 92
114 200000 | 112 32 84 84
127 200000 | 122 51 81 81
118 200000 | 118 39 79 79
120 200000 | 118 50 72 72
125 200000 | 124 40 86 86
133 200000 | 132 55 79 79
114 200000 | 112 37 79 79
96 200000 | 96 18 78 78
120 200000 | 119 46 75 75
130 200000 | 129 41 90 90
116 200000 | 114 36 82 82
130 200000 | 128 42 90 90
128 200000 | 127 41 88 88
119 200000 | 117 37 84 84
111 200000 | 109 35 78 78
117 200000 | 116 50 68 68
136 200000 | 133 48 91 91
121 200000 | 121 42 79 79
113 200000 | 112 46 68 68
120 200000 | 120 43 77 77
109 200000 | 108 45 65 65
128 200000 | 126 54 76 76
116 200000 | 115 44 73 73
123 200000 | 121 41 84 84
119 200000 | 116 41 81 81
101 200000 | 101 39 62 62
124 200000 | 123 45 80 80
122 200000 | 119 40 85 85
117 200000 | 116 36 82 82
136 200000 | 136 47 89 89
113 200000 | 112 43 71 71
140 200000 | 138 57 85 85
119 200000 | 118 47 73 73
117 200000 | 117 46 71 71
122 200000 | 119 35 90 90
127 200000 | 124 53 77 77
129 200000 | 126 39 93 93
111 200000 | 108 42 72 72
120 200000 | 120 37 83 83
118 200000 | 117 38 81 81
97 200000 | 96 34 64 64
114 200000 | 112 40 76 76
113 200000 | 112 42 72 72
111 200000 | 111 43 68 68
110 200000 | 108 32 80 80
117 200000 | 116 36 82 82
145 200000 | 145 55 90 90
134 200000 | 132 48 88 88
126 200000 | 126 45 81 81
129 200000 | 128 36 94 94
128 200000 | 127 47 82 82
102 200000 | 100 36 68 68
111 200000 | 110 37 75 75
130 200000 | 129 43 88 88
112 200000 | 112 44 68 68
111 200000 | 109 37 76 76
117 200000 | 115 32 87 87
116 200000 | 114 40 78 78
117 200000 | 117 47 70 70
133 200000 | 133 52 81 81
112 200000 | 112 36 76 76
92 200000 | 89 33 62 62
143 200000 | 141 49 96 96
131 200000 | 131 45 86 86
117 200000 | 117 43 74 74
118 200000 | 116 39 81 81
112 200000 | 112 31 81 81
128 200000 | 127 47 82 82
116 200000 | 116 39 77 77
110 200000 | 110 41 69 69
111 200000 | 108 45 69 69
121 200000 | 121 43 78 78
114 200000 | 113 51 64 64
129 200000 | 126 53 79 79
122 200000 | 122 30 92 92
111 200000 | 109 32 81 81
113 200000 | 113 38 75 75
117 200000 | 116 46 72 72
121 200000 | 121 40 81 81
140 200000 | 138 53 89 89
125 200000 | 125 47 78 78
112 200000 | 108 51 65 65
123 200000 | 122 35 89 89
129 200000 | 129 53 76 76
127 200000 | 127 36 91 91
117 200000 | 116 48 70 70
125 200000 | 120 47 83 83
101 200000 | 101 42 59 59
136 200000 | 134 44 94 94
120 200000 | 120 41 79 79
125 200000 | 124 34 92 92
111 200000 | 111 39 72 72
122 200000 | 120 41 83 83
125 200000 | 124 39 87 87
124 200000 | 123 46 79 79
129 200000 | 127 47 84 84
121 200000 | 119 44 79 79
135 200000 | 134 39 97 97
136 200000 | 135 43 94 94
140 200000 | 138 54 88 88
118 200000 | 117 48 71 71
101 200000 | 101 36 65 65
116 200000 | 116 36 80 80
120 200000 | 117 42 81 81
106 200000 | 105 26 81 81
117 200000 | 116 43 75 75
113 200000 | 111 40 75 75
117 200000 | 117 44 73 73
121 200000 | 120 49 73 73
126 200000 | 125 48 79 79
129 200000 | 129 48 81 81
143 200000 | 142 48 96 96
109 200000 | 109 30 79 79
122 200000 | 119 56 69 69
84 200000 | 83 30 55 55
128 200000 | 126 48 82 82
109 200000 | 109 34 75 75
108 200000 | 108 31 77 77
136 200000 | 132 47 93 93
120 200000 | 117 38 85 85
102 200000 | 100 37 67 67
99 200000 | 98 28 72 72
124 200000 | 124 42 82 82
105 200000 | 105 37 68 68
122 200000 | 119 30 95 95
125 200000 | 122 42 86 86
112 200000 | 112 44 68 68
129 200000 | 127 37 94 94
139 200000 | 139 49 90 90
116 200000 | 116 36 80 80
115 200000 | 112 40 78 78
128 200000 | 127 49 80 80
106 200000 | 103 43 66 66
118 200000 | 116 40 80 80
123 200000 | 122 49 75 75
119 200000 | 119 39 80 80
123 200000 | 122 29 95 95
116 200000 | 116 35 81 81
131 200000 | 127 50 85 85
115 200000 | 115 38 77 77
125 200000 | 122 44 84 84
117 200000 | 115 48 71 71
115 200000 | 114 34 82 82
101 200000 | 99 41 62 62
115 200000 | 114 48 68 68
122 200000 | 120 41 83 83
119 200000 | 119 39 80 80
138 200000 | 137 50 89 89
127 200000 | 125 42 87 87
132 200000 | 131 46 87 87
133 200000 | 130 46 90 90
122 200000 | 122 45 77 77
127 200000 | 126 46 82 82
91 200000 | 88 34 60 60
132 200000 | 131 38 95 95
120 200000 | 120 36 84 84
114 200000 | 113 39 76 76
118 200000 | 115 41 80 80
127 200000 | 125 49 80 80
114 200000 | 113 36 79 79
114 200000 | 114 35 79 79
116 200000 | 115 42 75 75
114 200000 | 111 41 76 76
95 200000 | 92 41 57 57
125 200000 | 122 49 79 79
124 200000 | 122 52 74 74
108 200000 | 108 34 74 74
122 200000 | 122 39 83 83
107 200000 | 107 36 71 71
140 200000 | 138 49 93 93
109 200000 | 106 39 73 73
125 200000 | 124 42 84 84
127 200000 | 126 43 85 85
136 200000 | 136 43 93 93
135 200000 | 133 39 98 98
138 200000 | 138 44 94 94
124 200000 | 124 37 87 87
121 200000 | 119 45 78 78
104 200000 | 103 27 78 78
128 200000 | 127 42 87 87
123 200000 | 123 47 76 76
121 200000 | 121 41 80 80
113 200000 | 112 43 71 71
107 200000 | 107 39 68 68
117 200000 | 115 41 78 78
116 200000 | 113 35 84 84
117 200000 | 115 48 71 71
147 200000 | 146 51 97 97
109 200000 | 107 37 74 74
124 200000 | 121 42 85 85
126 200000 | 123 41 88 88
115 200000 | 114 43 73 73
124 200000 | 124 40 84 84
141 200000 | 140 47 95 95
127 200000 | 126 46 82 82
108 200000 | 106 37 73 73
125 200000 | 123 44 83 83
117 200000 | 117 48 69 69
111 200000 | 110 41 71 71
126 200000 | 125 53 74 74
140 200000 | 139 40 101 101
107 200000 | 106 38 70 70
132 200000 | 131 42 91 91
111 200000 | 108 39 75 75
149 200000 | 146 54 98 98
127 200000 | 125 44 85 85
92 200000 | 91 26 67 67
139 200000 | 139 47 92 92
111 200000 | 109 32 81 81
115 200000 | 113 42 75 75
106 200000 | 105 47 60 60
136 200000 | 134 42 96 96
110 200000 | 108 38 74 74
127 200000 | 125 41 88 88
117 200000 | 117 41 76 76
143 200000 | 139 49 98 98
115 200000 | 114 37 79 79
117 200000 | 115 39 80 80
145 200000 | 144 46 100 100
129 200000 | 127 41 90 90
123 200000 | 122 39 85 85
122 200000 | 122 45 77 77
126 200000 | 125 50 77 77
114 200000 | 114 32 82 82
135 200000 | 134 51 85 85
119 200000 | 118 41 79 79
101 200000 | 101 31 70 70
107 200000 | 107 43 64 64
122 200000 | 122 51 71 71
126 200000 | 125 49 78 78
129 200000 | 128 48 82 82
115 200000 | 113 29 88 88
124 200000 | 123 37 88 88
124 200000 | 124 33 91 91
143 200000 | 140 52 94 94
114 200000 | 114 32 82 82
123 200000 | 122 45 79 79
120 200000 | 119 43 78 78
123 200000 | 123 34 89 89
123 200000 | 122 48 76 76
140 200000 | 140 61 79 79
112 200000 | 107 44 73 73
113 200000 | 112 28 86 86
145 200000 | 144 53 93 93
138 200000 | 135 47 94 94
128 200000 | 127 52 77 77
122 200000 | 121 45 78 78
127 200000 | 127 41 86 86
129 200000 | 128 50 80 80
117 200000 | 117 43 74 74
120 200000 | 117 50 73 73
156 200000 | 153 57 102 102
126 200000 | 125 46 81 81
115 200000 | 114 38 78 78
137 200000 | 136 53 85 85
128 200000 | 128 47 81 81
121 200000 | 120 52 70 70
113 200000 | 110 42 74 74
122 200000 | 120 33 91 91
111 200000 | 109 37 76 76
117 200000 | 115 48 71 71
124 200000 | 124 46 78 78
109 200000 | 108 40 70 70
98 200000 | 98 36 62 62
133 200000 | 131 42 93 93
115 200000 | 115 41 74 74
117 200000 | 117 45 72 72
118 200000 | 117 44 75 75
127 200000 | 125 51 78 78
127 200000 | 124 52 78 78
112 200000 | 112 35 77 77
99 200000 | 96 33 69 69
106 200000 | 105 32 75 75
91 200000 | 90 32 60 60
115 200000 | 114 42 74 74
113 200000 | 111 40 75 75
132 200000 | 130 50 84 84
109 200000 | 107 35 76 76
139 200000 | 136 46 96 96
136 200000 | 136 57 79 79
120 200000 | 117 51 72 72
122 200000 | 122 45 77 77
121 200000 | 118 50 74 74
132 200000 | 128 52 84 84
124 200000 | 123 43 82 82
122 200000 | 120 35 89 89
117 200000 | 115 39 80 80
117 200000 | 116 36 82 82
118 200000 | 117 37 82 82
103 200000 | 103 36 67 67
120 200000 | 119 43 78 78
118 200000 | 117 42 77 77
138 200000 | 137 44 95 95
131 200000 | 127 53 82 82
117 200000 | 117 35 82 82
125 200000 | 124 48 78 78
120 200000 | 120 40 80 80
114 200000 | 112 38 78 78
109 200000 | 107 34 77 77
122 200000 | 122 42 80 80
139 200000 | 136 49 93 93
110 200000 | 109 35 76 76
110 200000 | 109 44 67 67
110 200000 | 109 35 76 76
116 200000 | 114 42 76 76
110 200000 | 107 36 77 77
108 200000 | 108 43 65 65
126 200000 | 124 53 75 75
115 200000 | 111 40 79 79
113 200000 | 111 48 67 67
120 200000 | 117 47 76 76
130 200000 | 128 36 96 96
111 200000 | 111 37 74 74
114 200000 | 114 34 80 80
118 200000 | 118 44 74 74
108 200000 | 105 45 66 66
128 200000 | 128 52 76 76
131 200000 | 127 48 87 87
118 200000 | 114 45 77 77
117 200000 | 117 48 69 69
133 200000 | 131 51 84 84
106 200000 | 105 33 74 74
130 200000 | 129 50 81 81
105 200000 | 104 44 62 62
121 200000 | 119 45 78 78
123 200000 | 122 34 90 90
117 200000 | 114 45 75 75
124 200000 | 122 57 69 69
107 200000 | 107 43 64 64
108 200000 | 107 26 83 83
100 200000 | 98 43 59 59
132 200000 | 130 40 94 94
116 200000 | 115 40 77 77
103 200000 | 103 32 71 71
119 200000 | 119 28 91 91
113 200000 | 112 45 69 69
100 200000 | 98 31 71 71
108 200000 | 108 52 56 56
117 200000 | 116 47 71 71
117 200000 | 116 41 77 77
112 200000 | 110 47 67 67
121 200000 | 121 39 82 82
123 200000 | 123 40 83 83
126 200000 | 126 46 80 80
119 200000 | 118 41 79 79
109 200000 | 107 48 63 63
129 200000 | 129 50 79 79
116 200000 | 115 31 86 86
121 200000 | 119 43 80 80
127 200000 | 126 45 83 83
108 200000 | 108 42 66 66
114 200000 | 114 50 64 64
118 200000 | 115 45 76 76
126 200000 | 126 37 89 89
122 200000 | 120 43 81 81
128 200000 | 128 45 83 83
126 200000 | 126 41 85 85
146 200000 | 145 51 96 96
127 200000 | 126 43 85 85
122 200000 | 121 44 79 79
125 200000 | 124 34 92 92
118 200000 | 118 41 77 77
108 200000 | 107 33 76 76
125 200000 | 125 49 76 76
128 200000 | 127 51 78 78
121 200000 | 118 45 79 79
118 200000 | 118 47 71 71
104 200000 | 100 38 70 70
106 200000 | 105 37 70 70
113 200000 | 113 42 71 71
123 200000 | 123 39 84 84
126 200000 | 124 38 90 90
119 200000 | 118 34 86 86
134 200000 | 134 44 90 90
127 200000 | 127 46 81 81
123 200000 | 122 55 69 69
117 200000 | 115 36 83 83
120 200000 | 118 43 79 79
