262 200000 | 259 253 12 12
260 200000 | 255 256 9 9
261 200000 | 257 257 8 8
230 200000 | 226 229 5 5
238 200000 | 236 235 5 5
209 200000 | 207 204 7 7
274 200000 | 268 268 12 12
255 200000 | 249 252 9 9
226 200000 | 221 223 8 8
267 200000 | 263 261 10 10
260 200000 | 256 255 9 9
260 200000 | 254 256 10 10
246 200000 | 243 242 7 7
263 200000 | 258 256 12 12
249 200000 | 244 245 9 9
247 200000 | 240 242 12 12
211 200000 | 210 208 4 4
282 200000 | 276 276 12 12
275 200000 | 269 272 9 9
248 200000 | 244 246 6 6
273 200000 | 265 265 16 16
236 200000 | 230 232 10 10
241 200000 | 238 236 8 8
251 200000 | 246 247 9 9
267 200000 | 263 262 9 9
251 200000 | 245 246 11 11
237 200000 | 231 231 12 12
257 200000 | 254 256 4 4
246 200000 | 240 240 12 12
270 200000 | 267 261 12 12
238 200000 | 235 235 6 6
237 200000 | 230 230 14 14
252 200000 | 248 242 14 14
255 200000 | 251 249 10 10
269 200000 | 266 261 11 11
258 200000 | 255 255 6 6
228 200000 | 225 224 7 7
249 200000 | 245 240 13 13
275 200000 | 271 269 10 10
276 200000 | 266 273 13 13
232 200000 | 230 223 11 11
249 200000 | 246 244 8 8
252 200000 | 245 246 13 13
232 200000 | 230 228 6 6
272 200000 | 270 265 9 9
264 200000 | 258 257 13 13
232 200000 | 230 229 5 5
234 200000 | 229 231 8 8
266 200000 | 261 260 11 11
249 200000 | 244 248 6 6
253 200000 | 250 249 7 7
251 200000 | 247 246 9 9
254 200000 | 249 250 9 9
234 200000 | 230 230 8 8
253 200000 | 249 248 9 9
260 200000 | 258 257 5 5
266 200000 | 263 261 8 8
227 200000 | 224 224 6 6
272 200000 | 264 269 11 11
253 200000 | 246 248 12 12
288 200000 | 284 281 11 11
241 200000 | 235 234 13 13
223 200000 | 218 217 11 11
239 200000 | 233 235 10 10
260 200000 | 255 254 11 11
262 200000 | 254 259 11 11
265 200000 | 255 262 13 13
288 200000 | 280 283 13 13
227 200000 | 225 223 6 6
234 200000 | 231 224 13 13
239 200000 | 235 231 12 12
231 200000 | 220 224 18 18
238 200000 | 232 234 10 10
244 200000 | 240 237 11 11
250 200000 | 247 246 7 7
260 200000 | 257 258 5 5
237 200000 | 234 232 8 8
240 200000 | 236 234 10 10
243 200000 | 236 240 10 10
266 200000 | 261 261 10 10
260 200000 | 251 254 15 15
267 200000 | 261 261 12 12
263 200000 | 258 253 15 15
262 200000 | 256 256 12 12
243 200000 | 241 237 8 8
256 200000 | 252 254 6 6
262 200000 | 257 261 6 6
247 200000 | 240 243 11 11
241 200000 | 232 238 12 12
288 200000 | 283 284 9 9
270 200000 | 260 264 16 16
256 200000 | 253 253 6 6
244 200000 | 240 240 8 8
284 200000 | 277 282 9 9
234 200000 | 233 227 8 8
254 200000 | 247 252 9 9
243 200000 | 237 238 11 11
244 200000 | 235 241 12 12
280 200000 | 274 275 11 11
246 200000 | 244 240 8 8
248 200000 | 243 243 10 10
261 200000 | 253 258 11 11
266 200000 | 261 266 5 5
248 200000 | 245 242 9 9
270 200000 | 267 267 6 6
237 200000 | 236 232 6 6
266 200000 | 264 261 7 7
250 200000 | 249 246 5 5
238 200000 | 233 233 10 10
256 200000 | 252 247 13 13
256 200000 | 251 248 13 13
269 200000 | 267 268 3 3
266 200000 | 261 262 9 9
227 200000 | 224 225 5 5
249 200000 | 246 243 9 9
243 200000 | 233 240 13 13
241 200000 | 238 237 7 7
247 200000 | 240 243 11 11
241 200000 | 231 238 13 13
247 200000 | 246 244 4 4
229 200000 | 220 228 10 10
254 200000 | 254 248 6 6
234 200000 | 226 229 13 13
243 200000 | 239 240 7 7
238 200000 | 237 232 7 7
255 200000 | 248 251 11 11
266 200000 | 262 262 8 8
255 200000 | 250 249 11 11
243 200000 | 242 239 5 5
261 200000 | 255 258 9 9
255 200000 | 253 254 3 3
269 200000 | 261 263 14 14
254 200000 | 251 249 8 8
245 200000 | 244 243 3 3
245 200000 | 242 239 9 9
279 200000 | 273 275 10 10
256 200000 | 254 249 9 9
256 200000 | 248 253 11 11
245 200000 | 243 241 6 6
269 200000 | 262 267 9 9
264 200000 | 259 259 10 10
220 200000 | 215 216 9 9
249 200000 | 245 239 14 14
258 200000 | 255 253 8 8
266 200000 | 263 258 11 11
245 200000 | 241 239 10 10
268 200000 | 263 266 7 7
234 200000 | 226 233 9 9
229 200000 | 226 227 5 5
240 200000 | 235 234 11 11
243 200000 | 239 239 8 8
262 200000 | 255 253 16 16
273 200000 | 267 271 8 8
257 200000 | 256 249 9 9
262 200000 | 259 256 9 9
264 200000 | 257 258 13 13
227 200000 | 225 223 6 6
249 200000 | 245 245 8 8
260 200000 | 257 255 8 8
247 200000 | 240 242 12 12
269 200000 | 262 265 11 11
250 200000 | 243 241 16 16
236 200000 | 233 233 6 6
238 200000 | 235 233 8 8
237 200000 | 229 234 11 11
244 200000 | 242 236 10 10
241 200000 | 234 236 12 12
266 200000 | 257 262 13 13
253 200000 | 245 249 12 12
259 200000 | 254 252 12 12
255 200000 | 249 248 13 13
272 200000 | 269 269 6 6
267 200000 | 260 263 11 11
283 200000 | 280 276 10 10
247 200000 | 241 244 9 9
233 200000 | 225 228 13 13
266 200000 | 259 259 14 14
261 200000 | 256 259 7 7
256 200000 | 253 252 7 7
251 200000 | 246 247 9 9
284 200000 | 278 279 11 11
276 200000 | 272 270 10 10
266 200000 | 260 264 8 8
238 200000 | 229 235 12 12
234 200000 | 230 230 8 8
252 200000 | 249 245 10 10
227 200000 | 225 225 4 4
265 200000 | 261 260 9 9
243 200000 | 240 241 5 5
254 200000 | 249 253 6 6
264 200000 | 259 256 13 13
261 200000 | 257 258 7 7
239 200000 | 230 236 12 12
265 200000 | 258 260 12 12
279 200000 | 277 275 6 6
238 200000 | 232 235 9 9
234 200000 | 228 230 10 10
256 200000 | 252 253 7 7
248 200000 | 246 244 6 6
238 200000 | 233 235 8 8
