670 200000 | 495 501 344 344
682 200000 | 515 505 344 344
692 200000 | 522 509 353 353
684 200000 | 493 529 346 346
650 200000 | 469 484 347 347
749 200000 | 561 549 388 388
681 200000 | 514 495 353 353
692 200000 | 531 508 345 345
632 200000 | 440 493 331 331
667 200000 | 510 506 318 318
683 200000 | 503 506 357 357
698 200000 | 532 516 348 348
754 200000 | 559 582 367 367
707 200000 | 503 532 379 379
632 200000 | 463 467 334 334
695 200000 | 527 511 352 352
655 200000 | 501 474 335 335
706 200000 | 527 518 367 367
674 200000 | 500 514 334 334
706 200000 | 520 542 350 350
665 200000 | 489 498 343 343
723 200000 | 516 542 388 388
691 200000 | 522 523 337 337
714 200000 | 544 530 354 354
662 200000 | 485 508 331 331
663 200000 | 483 492 351 351
656 200000 | 499 491 322 322
667 200000 | 513 503 318 318
683 200000 | 504 495 367 367
701 200000 | 508 541 353 353
671 200000 | 497 499 346 346
657 200000 | 492 514 308 308
671 200000 | 505 502 335 335
691 200000 | 535 509 338 338
701 200000 | 509 533 360 360
635 200000 | 475 484 311 311
670 200000 | 496 499 345 345
666 200000 | 518 482 332 332
671 200000 | 515 516 311 311
670 200000 | 513 507 320 320
670 200000 | 485 507 348 348
663 200000 | 495 486 345 345
642 200000 | 478 494 312 312
720 200000 | 529 536 375 375
642 200000 | 488 476 320 320
674 200000 | 505 488 355 355
685 200000 | 495 516 359 359
661 200000 | 488 508 326 326
724 200000 | 519 560 369 369
617 200000 | 463 458 313 313
666 200000 | 492 514 326 326
685 200000 | 491 525 354 354
669 200000 | 494 503 341 341
643 200000 | 474 480 332 332
672 200000 | 499 483 362 362
698 200000 | 545 538 313 313
647 200000 | 493 492 309 309
686 200000 | 513 519 340 340
680 200000 | 504 526 330 330
736 200000 | 543 550 379 379
689 200000 | 503 534 341 341
692 200000 | 516 512 356 356
715 200000 | 544 516 370 370
678 200000 | 497 505 354 354
668 200000 | 495 495 346 346
663 200000 | 494 483 349 349
689 200000 | 508 505 365 365
710 200000 | 538 532 350 350
686 200000 | 528 517 327 327
666 200000 | 508 521 303 303
684 200000 | 502 513 353 353
688 200000 | 504 532 340 340
660 200000 | 514 502 304 304
695 200000 | 511 503 376 376
