83 200000 | 44 80 42 42
55 200000 | 34 53 23 23
62 200000 | 39 58 27 27
66 200000 | 41 66 25 25
57 200000 | 33 55 26 26
55 200000 | 35 54 21 21
62 200000 | 43 61 20 20
58 200000 | 31 57 28 28
65 200000 | 34 62 34 34
75 200000 | 40 73 37 37
57 200000 | 35 55 24 24
71 200000 | 33 70 39 39
66 200000 | 43 64 25 25
59 200000 | 32 58 28 28
65 200000 | 38 64 28 28
67 200000 | 45 61 28 28
69 200000 | 45 67 26 26
60 151537 | 44 57 19 19
48 151537 | 27 48 21 21
39 151537 | 22 38 18 18
38 151537 | 25 37 14 14
50 151537 | 32 49 19 19
56 200000 | 28 54 30 30
61 200000 | 38 60 24 24
72 200000 | 41 70 33 33
53 200000 | 22 49 35 35
66 200000 | 49 60 23 23
48 200000 | 27 47 22 22
66 200000 | 42 65 25 25
76 200000 | 43 76 33 33
73 200000 | 40 69 37 37
66 200000 | 39 64 29 29
71 200000 | 38 68 36 36
70 200000 | 42 69 29 29
64 200000 | 29 63 36 36
68 200000 | 42 65 29 29
74 200000 | 43 71 34 34
