235 300000 | 97 181 192 192
236 300000 | 104 183 185 185
266 300000 | 140 197 195 195
284 300000 | 135 217 216 216
275 300000 | 140 205 205 205
261 300000 | 121 209 192 192
277 300000 | 132 205 217 217
249 300000 | 129 181 188 188
245 300000 | 133 181 176 176
262 300000 | 120 204 200 200
233 300000 | 117 171 178 178
253 300000 | 124 199 183 183
248 300000 | 124 189 183 183
278 300000 | 133 205 218 218
254 300000 | 127 195 186 186
260 300000 | 117 199 204 204
268 300000 | 146 194 196 196
274 300000 | 124 219 205 205
267 300000 | 147 204 183 183
275 300000 | 136 203 211 211
