953 200000 | 338 945 623 623
937 200000 | 327 927 620 620
950 200000 | 338 939 623 623
914 200000 | 321 898 609 609
944 200000 | 330 934 624 624
904 200000 | 308 900 600 600
918 200000 | 327 909 600 600
921 200000 | 309 913 620 620
967 200000 | 347 958 629 629
918 200000 | 329 908 599 599
938 200000 | 331 929 616 616
946 200000 | 350 927 615 615
874 200000 | 303 863 582 582
904 200000 | 304 892 612 612
918 200000 | 307 909 620 620
901 200000 | 296 893 613 613
933 200000 | 322 917 627 627
955 200000 | 325 943 642 642
922 200000 | 336 915 593 593
868 200000 | 312 858 566 566
905 200000 | 330 896 584 584
951 200000 | 326 939 637 637
973 200000 | 338 962 646 646
934 200000 | 323 927 618 618
931 200000 | 345 923 594 594
878 200000 | 312 865 579 579
961 200000 | 335 956 631 631
870 200000 | 298 866 576 576
894 200000 | 303 891 594 594
931 200000 | 335 921 606 606
962 200000 | 348 953 623 623
934 200000 | 303 924 641 641
908 200000 | 306 895 615 615
893 200000 | 302 883 601 601
968 200000 | 331 960 645 645
893 200000 | 286 883 617 617
905 200000 | 306 900 604 604
959 200000 | 356 947 615 615
911 200000 | 325 907 590 590
930 200000 | 329 924 607 607
956 200000 | 339 943 630 630
902 200000 | 341 886 577 577
897 200000 | 323 889 582 582
926 200000 | 301 918 633 633
956 200000 | 306 939 667 667
936 200000 | 338 927 607 607
891 200000 | 321 877 584 584
887 200000 | 309 877 588 588
961 200000 | 353 947 622 622
903 200000 | 300 894 612 612
891 200000 | 317 879 586 586
954 200000 | 335 946 627 627
977 200000 | 346 971 637 637
942 200000 | 349 930 605 605
915 200000 | 308 906 616 616
