365 200000 | 134 364 232 232
346 200000 | 116 346 230 230
357 200000 | 149 353 212 212
337 200000 | 118 336 220 220
336 200000 | 119 335 218 218
342 200000 | 134 337 213 213
340 200000 | 128 337 215 215
329 200000 | 143 329 186 186
336 200000 | 130 333 209 209
340 200000 | 125 337 218 218
331 200000 | 121 327 214 214
347 200000 | 138 344 212 212
363 200000 | 152 363 211 211
320 200000 | 127 317 196 196
298 200000 | 123 295 178 178
366 200000 | 137 366 229 229
311 200000 | 111 310 201 201
320 200000 | 116 318 206 206
325 200000 | 114 324 212 212
347 200000 | 130 345 219 219
380 200000 | 141 377 242 242
317 200000 | 120 316 198 198
355 200000 | 124 351 235 235
356 200000 | 126 354 232 232
314 200000 | 118 314 196 196
347 200000 | 139 346 209 209
332 200000 | 130 329 205 205
370 200000 | 150 369 221 221
365 200000 | 133 365 232 232
339 200000 | 119 339 220 220
333 200000 | 135 333 198 198
350 200000 | 133 347 220 220
342 200000 | 127 342 215 215
330 200000 | 119 330 211 211
317 200000 | 133 314 187 187
337 200000 | 130 335 209 209
348 200000 | 126 345 225 225
300 200000 | 101 299 200 200
355 200000 | 135 354 221 221
357 200000 | 146 355 213 213
314 200000 | 115 313 200 200
340 200000 | 130 337 213 213
344 200000 | 125 341 222 222
332 200000 | 129 330 205 205
355 200000 | 130 352 228 228
373 200000 | 131 372 243 243
312 200000 | 107 310 207 207
354 200000 | 130 351 227 227
337 200000 | 144 335 195 195
353 200000 | 128 353 225 225
345 200000 | 134 342 214 214
352 200000 | 141 350 213 213
351 200000 | 135 349 218 218
348 200000 | 119 345 232 232
328 200000 | 131 328 197 197
342 200000 | 154 340 190 190
351 200000 | 125 346 231 231
358 200000 | 132 358 226 226
332 200000 | 131 329 204 204
330 200000 | 131 330 199 199
328 200000 | 127 324 205 205
310 200000 | 116 309 195 195
343 200000 | 134 343 209 209
325 200000 | 120 325 205 205
337 200000 | 129 336 209 209
331 200000 | 116 329 217 217
359 200000 | 136 356 226 226
365 200000 | 140 364 226 226
306 200000 | 107 306 199 199
306 200000 | 137 305 170 170
337 200000 | 129 334 211 211
359 200000 | 133 359 226 226
325 200000 | 118 324 208 208
331 200000 | 123 328 211 211
349 200000 | 143 348 207 207
330 200000 | 145 330 185 185
349 200000 | 132 348 218 218
330 200000 | 127 330 203 203
338 200000 | 130 336 210 210
353 200000 | 119 349 238 238
328 200000 | 116 324 216 216
319 200000 | 107 316 215 215
351 200000 | 125 350 227 227
335 200000 | 139 332 199 199
349 200000 | 140 348 210 210
374 200000 | 138 371 239 239
327 200000 | 116 325 213 213
330 200000 | 124 328 208 208
322 200000 | 121 316 207 207
327 200000 | 121 326 207 207
319 200000 | 119 319 200 200
342 200000 | 142 341 201 201
369 200000 | 133 365 240 240
342 200000 | 136 337 211 211
335 200000 | 126 334 210 210
331 200000 | 125 330 207 207
384 200000 | 154 380 234 234
322 200000 | 140 318 186 186
303 200000 | 122 301 183 183
349 200000 | 134 347 217 217
351 200000 | 135 350 217 217
364 200000 | 131 361 236 236
326 200000 | 132 323 197 197
339 200000 | 128 337 213 213
353 200000 | 140 352 214 214
343 200000 | 128 342 216 216
358 200000 | 133 357 226 226
340 200000 | 132 335 213 213
324 200000 | 129 323 196 196
329 200000 | 107 328 223 223
342 200000 | 127 341 216 216
317 200000 | 122 314 198 198
311 200000 | 114 310 198 198
315 200000 | 121 312 197 197
318 200000 | 124 318 194 194
333 200000 | 137 330 199 199
350 200000 | 138 347 215 215
349 200000 | 134 346 218 218
340 200000 | 120 337 223 223
327 200000 | 107 326 221 221
340 200000 | 115 339 226 226
324 200000 | 129 322 197 197
332 200000 | 117 330 217 217
341 200000 | 128 339 215 215
335 200000 | 125 333 212 212
320 200000 | 115 314 211 211
358 200000 | 146 355 215 215
314 200000 | 112 313 203 203
357 200000 | 135 355 224 224
370 200000 | 131 370 239 239
319 200000 | 122 318 198 198
363 200000 | 130 361 235 235
318 200000 | 115 316 205 205
327 200000 | 120 326 208 208
325 200000 | 129 321 200 200
328 200000 | 123 325 208 208
365 200000 | 131 363 236 236
362 200000 | 149 360 215 215
347 200000 | 134 343 217 217
324 200000 | 131 322 195 195
335 200000 | 134 332 204 204
304 200000 | 112 303 193 193
303 200000 | 125 299 182 182
347 200000 | 138 340 216 216
336 200000 | 136 333 203 203
345 200000 | 127 343 220 220
288 200000 | 105 287 184 184
320 200000 | 128 319 193 193
321 200000 | 121 320 201 201
