15 200000 | 15 13 2 2
23 200000 | 22 16 8 8
27 200000 | 27 22 5 5
18 200000 | 18 13 5 5
23 200000 | 23 15 8 8
20 200000 | 19 17 4 4
18 200000 | 17 13 6 6
20 200000 | 20 14 6 6
17 200000 | 16 16 2 2
20 200000 | 20 17 3 3
17 200000 | 17 15 2 2
23 200000 | 23 15 8 8
18 200000 | 17 14 5 5
12 200000 | 12 8 4 4
23 200000 | 23 17 6 6
15 200000 | 15 10 5 5
18 200000 | 17 12 7 7
25 200000 | 24 15 11 11
24 200000 | 23 16 9 9
25 200000 | 25 18 7 7
25 200000 | 24 19 7 7
17 200000 | 17 15 2 2
26 200000 | 26 17 9 9
17 200000 | 17 10 7 7
19 200000 | 19 12 7 7
23 200000 | 21 16 9 9
20 200000 | 19 10 11 11
12 200000 | 12 9 3 3
15 200000 | 15 12 3 3
27 200000 | 27 16 11 11
15 200000 | 15 8 7 7
16 200000 | 16 10 6 6
18 200000 | 18 11 7 7
29 200000 | 28 21 9 9
26 200000 | 25 20 7 7
20 200000 | 19 13 8 8
21 200000 | 20 16 6 6
15 200000 | 15 6 9 9
25 200000 | 25 15 10 10
24 200000 | 24 15 9 9
22 200000 | 22 14 8 8
21 200000 | 20 19 3 3
17 200000 | 16 8 10 10
19 200000 | 19 13 6 6
24 200000 | 23 16 9 9
21 200000 | 21 13 8 8
22 200000 | 20 14 10 10
17 200000 | 15 12 7 7
27 200000 | 26 22 6 6
21 200000 | 20 16 6 6
20 200000 | 20 14 6 6
25 200000 | 25 16 9 9
26 200000 | 25 18 9 9
23 200000 | 23 14 9 9
21 200000 | 20 11 11 11
27 200000 | 27 16 11 11
19 200000 | 18 14 6 6
20 200000 | 20 14 6 6
17 200000 | 17 10 7 7
18 200000 | 18 12 6 6
26 200000 | 25 21 6 6
23 200000 | 23 17 6 6
32 200000 | 31 18 15 15
18 200000 | 18 10 8 8
24 200000 | 24 18 6 6
16 200000 | 15 11 6 6
19 200000 | 19 14 5 5
29 200000 | 28 22 8 8
21 200000 | 21 16 5 5
18 200000 | 17 15 4 4
20 200000 | 19 17 4 4
29 200000 | 29 19 10 10
22 200000 | 22 16 6 6
16 200000 | 16 11 5 5
23 200000 | 22 18 6 6
17 200000 | 17 9 8 8
22 200000 | 21 16 7 7
27 200000 | 26 18 10 10
23 200000 | 22 16 8 8
27 200000 | 27 21 6 6
22 200000 | 22 17 5 5
22 200000 | 22 16 6 6
28 200000 | 27 18 11 11
16 200000 | 16 14 2 2
16 200000 | 16 12 4 4
16 200000 | 16 10 6 6
19 200000 | 19 13 6 6
15 200000 | 15 8 7 7
20 200000 | 20 13 7 7
18 200000 | 18 12 6 6
13 200000 | 13 6 7 7
22 200000 | 22 14 8 8
26 200000 | 26 15 11 11
20 200000 | 20 12 8 8
23 200000 | 23 18 5 5
19 200000 | 19 15 4 4
19 200000 | 19 15 4 4
15 200000 | 15 12 3 3
27 200000 | 27 20 7 7
21 200000 | 21 16 5 5
17 200000 | 16 10 8 8
27 200000 | 27 19 8 8
23 200000 | 23 17 6 6
18 200000 | 18 14 4 4
20 200000 | 20 13 7 7
18 200000 | 17 14 5 5
18 200000 | 17 10 9 9
10 200000 | 10 5 5 5
27 200000 | 27 18 9 9
15 200000 | 15 11 4 4
30 200000 | 29 16 15 15
22 200000 | 22 15 7 7
25 200000 | 25 19 6 6
19 200000 | 19 11 8 8
21 200000 | 21 16 5 5
24 200000 | 23 19 6 6
21 200000 | 21 15 6 6
13 200000 | 13 10 3 3
20 200000 | 20 9 11 11
24 200000 | 24 21 3 3
16 200000 | 15 11 6 6
18 200000 | 18 13 5 5
21 200000 | 21 16 5 5
22 200000 | 22 17 5 5
24 200000 | 24 20 4 4
31 200000 | 31 19 12 12
24 200000 | 24 17 7 7
19 200000 | 19 15 4 4
19 200000 | 17 13 8 8
16 200000 | 16 14 2 2
26 200000 | 26 18 8 8
31 200000 | 30 21 11 11
13 200000 | 12 12 2 2
17 200000 | 16 15 3 3
20 200000 | 19 13 8 8
12 200000 | 12 9 3 3
26 200000 | 26 14 12 12
19 200000 | 19 12 7 7
20 200000 | 19 12 9 9
19 200000 | 18 11 9 9
23 200000 | 23 15 8 8
24 200000 | 24 16 8 8
24 200000 | 24 15 9 9
18 200000 | 18 16 2 2
35 200000 | 34 22 14 14
15 200000 | 15 12 3 3
19 200000 | 19 11 8 8
19 200000 | 19 13 6 6
18 200000 | 18 11 7 7
20 200000 | 20 16 4 4
20 200000 | 20 17 3 3
19 200000 | 19 12 7 7
22 200000 | 21 18 5 5
23 200000 | 20 17 9 9
19 200000 | 19 13 6 6
20 200000 | 19 13 8 8
22 200000 | 22 15 7 7
23 200000 | 23 12 11 11
22 200000 | 22 15 7 7
11 200000 | 11 8 3 3
21 200000 | 21 16 5 5
23 200000 | 22 15 9 9
18 200000 | 18 13 5 5
19 200000 | 19 13 6 6
16 200000 | 16 8 8 8
20 200000 | 20 15 5 5
21 200000 | 21 17 4 4
22 200000 | 21 14 9 9
26 200000 | 26 18 8 8
16 200000 | 16 10 6 6
18 200000 | 18 14 4 4
29 200000 | 28 19 11 11
26 200000 | 26 16 10 10
21 200000 | 21 13 8 8
14 200000 | 14 10 4 4
20 200000 | 19 18 3 3
21 200000 | 20 17 5 5
28 200000 | 27 20 9 9
16 200000 | 16 13 3 3
28 200000 | 28 18 10 10
17 200000 | 17 11 6 6
20 200000 | 20 13 7 7
16 200000 | 16 10 6 6
25 200000 | 25 19 6 6
19 200000 | 19 13 6 6
24 200000 | 24 18 6 6
21 200000 | 21 14 7 7
16 200000 | 15 13 4 4
23 200000 | 23 14 9 9
22 200000 | 21 17 6 6
19 200000 | 19 12 7 7
22 200000 | 21 12 11 11
20 200000 | 20 12 8 8
18 200000 | 18 12 6 6
11 200000 | 11 6 5 5
24 200000 | 23 18 7 7
24 200000 | 24 18 6 6
24 200000 | 22 15 11 11
19 200000 | 18 12 8 8
24 200000 | 24 15 9 9
20 200000 | 19 14 7 7
14 200000 | 13 9 6 6
26 200000 | 25 21 6 6
24 200000 | 23 16 9 9
27 200000 | 26 17 11 11
16 200000 | 16 12 4 4
27 200000 | 26 18 10 10
24 200000 | 24 14 10 10
18 200000 | 18 13 5 5
25 200000 | 25 20 5 5
23 200000 | 23 16 7 7
20 200000 | 19 18 3 3
23 200000 | 22 12 12 12
23 200000 | 23 15 8 8
16 200000 | 16 11 5 5
23 200000 | 23 15 8 8
22 200000 | 21 18 5 5
20 200000 | 18 13 9 9
18 200000 | 17 17 2 2
26 200000 | 24 23 5 5
22 200000 | 22 17 5 5
17 200000 | 17 13 4 4
19 200000 | 19 17 2 2
23 200000 | 23 13 10 10
29 200000 | 29 22 7 7
19 200000 | 19 11 8 8
19 200000 | 19 15 4 4
22 200000 | 22 12 10 10
27 200000 | 27 18 9 9
17 200000 | 16 15 3 3
17 200000 | 16 12 6 6
20 200000 | 18 13 9 9
20 200000 | 19 16 5 5
27 200000 | 26 21 7 7
17 200000 | 17 10 7 7
26 200000 | 26 21 5 5
23 200000 | 22 13 11 11
25 200000 | 25 16 9 9
26 200000 | 25 18 9 9
24 200000 | 23 18 7 7
21 200000 | 21 11 10 10
15 200000 | 15 6 9 9
18 200000 | 17 12 7 7
