522 200000 | 214 517 313 313
541 200000 | 242 532 308 308
524 200000 | 217 512 319 319
509 200000 | 212 499 307 307
563 200000 | 232 555 339 339
545 200000 | 213 537 340 340
545 200000 | 234 533 323 323
551 200000 | 226 540 336 336
547 200000 | 223 537 334 334
552 200000 | 232 540 332 332
563 200000 | 232 550 344 344
562 200000 | 225 555 344 344
595 200000 | 255 588 347 347
550 200000 | 233 543 324 324
536 200000 | 204 528 340 340
559 200000 | 244 549 325 325
602 200000 | 235 585 384 384
558 200000 | 246 543 327 327
539 200000 | 209 532 337 337
524 200000 | 207 517 324 324
565 200000 | 255 550 325 325
555 200000 | 239 549 322 322
564 200000 | 248 555 325 325
601 200000 | 256 591 355 355
567 200000 | 230 554 350 350
570 200000 | 251 563 326 326
573 200000 | 238 559 349 349
548 200000 | 221 537 338 338
542 200000 | 223 530 331 331
553 200000 | 229 545 332 332
568 200000 | 244 557 335 335
594 200000 | 238 586 364 364
583 200000 | 257 574 335 335
581 200000 | 254 567 341 341
515 200000 | 213 508 309 309
583 200000 | 226 576 364 364
564 200000 | 232 554 342 342
531 200000 | 234 522 306 306
555 200000 | 239 548 323 323
588 200000 | 249 580 347 347
554 200000 | 226 539 343 343
544 200000 | 233 537 318 318
554 200000 | 231 546 331 331
613 200000 | 262 603 361 361
514 200000 | 214 502 312 312
556 200000 | 228 548 336 336
549 200000 | 241 535 322 322
553 200000 | 234 545 327 327
567 200000 | 229 561 344 344
580 200000 | 231 569 360 360
549 200000 | 214 541 343 343
561 200000 | 234 547 341 341
558 200000 | 244 545 327 327
578 200000 | 228 567 361 361
593 200000 | 250 580 356 356
562 200000 | 220 554 350 350
505 200000 | 210 502 298 298
599 200000 | 246 590 362 362
565 200000 | 260 552 318 318
587 200000 | 261 576 337 337
546 200000 | 229 530 333 333
549 200000 | 217 539 342 342
522 200000 | 212 513 319 319
504 200000 | 216 498 294 294
543 200000 | 230 531 325 325
542 200000 | 225 528 331 331
564 200000 | 244 556 328 328
553 200000 | 231 546 329 329
537 200000 | 209 527 338 338
559 200000 | 261 546 311 311
602 200000 | 253 593 358 358
567 200000 | 238 558 338 338
544 200000 | 219 535 334 334
561 200000 | 231 550 341 341
548 200000 | 214 540 342 342
569 200000 | 244 557 337 337
556 200000 | 230 545 337 337
557 200000 | 229 544 341 341
528 200000 | 212 519 325 325
560 200000 | 227 555 338 338
612 200000 | 255 603 366 366
564 200000 | 221 556 351 351
