134 200000 | 127 82 59 59
134 200000 | 127 95 46 46
168 200000 | 162 111 63 63
149 200000 | 145 95 58 58
140 200000 | 135 95 50 50
133 200000 | 130 90 46 46
131 200000 | 129 92 41 41
124 200000 | 120 84 44 44
151 200000 | 143 103 56 56
145 200000 | 141 106 43 43
139 200000 | 129 92 57 57
153 200000 | 150 95 61 61
120 200000 | 115 71 54 54
153 200000 | 142 108 56 56
146 200000 | 143 89 60 60
136 200000 | 126 85 61 61
140 200000 | 136 101 43 43
143 200000 | 138 94 54 54
135 200000 | 133 83 54 54
152 200000 | 144 110 50 50
137 200000 | 132 88 54 54
136 200000 | 133 94 45 45
119 200000 | 111 76 51 51
145 200000 | 142 95 53 53
143 200000 | 141 90 55 55
160 200000 | 154 107 59 59
116 200000 | 112 66 54 54
131 200000 | 122 89 51 51
146 200000 | 141 89 62 62
129 200000 | 124 84 50 50
133 200000 | 124 93 49 49
134 200000 | 131 94 43 43
132 200000 | 123 90 51 51
141 200000 | 139 97 46 46
143 200000 | 135 86 65 65
145 200000 | 144 101 45 45
138 200000 | 134 100 42 42
123 200000 | 115 91 40 40
137 200000 | 134 85 55 55
155 200000 | 151 99 60 60
148 200000 | 142 91 63 63
147 200000 | 141 102 51 51
143 200000 | 137 91 58 58
108 200000 | 107 66 43 43
144 200000 | 139 93 56 56
150 200000 | 147 88 65 65
132 200000 | 131 85 48 48
150 200000 | 147 101 52 52
147 200000 | 142 104 48 48
141 200000 | 137 87 58 58
134 200000 | 127 94 47 47
148 200000 | 143 102 51 51
130 200000 | 129 85 46 46
139 200000 | 135 95 48 48
140 200000 | 133 97 50 50
140 200000 | 136 97 47 47
130 200000 | 128 84 48 48
133 200000 | 127 81 58 58
139 200000 | 134 88 56 56
152 200000 | 146 104 54 54
114 200000 | 109 70 49 49
136 200000 | 127 100 45 45
149 200000 | 147 93 58 58
141 200000 | 137 92 53 53
133 200000 | 125 88 53 53
153 200000 | 149 106 51 51
139 200000 | 136 88 54 54
121 200000 | 118 74 50 50
152 200000 | 150 98 56 56
139 200000 | 136 97 45 45
137 200000 | 132 88 54 54
136 200000 | 130 99 43 43
146 200000 | 143 92 57 57
158 200000 | 153 107 56 56
137 200000 | 134 92 48 48
138 200000 | 131 84 61 61
149 200000 | 143 100 55 55
147 200000 | 142 92 60 60
145 200000 | 144 101 45 45
154 200000 | 151 112 45 45
136 200000 | 129 91 52 52
138 200000 | 134 95 47 47
134 200000 | 132 92 44 44
118 200000 | 117 76 43 43
147 200000 | 143 92 59 59
137 200000 | 133 94 47 47
138 200000 | 134 82 60 60
139 200000 | 134 96 48 48
124 200000 | 119 75 54 54
153 200000 | 145 94 67 67
154 200000 | 145 103 60 60
137 200000 | 132 101 41 41
141 200000 | 135 99 48 48
147 200000 | 143 92 59 59
152 200000 | 148 93 63 63
135 200000 | 128 91 51 51
152 200000 | 148 106 50 50
128 200000 | 124 86 46 46
159 200000 | 153 98 67 67
143 200000 | 136 87 63 63
163 200000 | 160 106 60 60
137 200000 | 129 99 46 46
143 200000 | 136 98 52 52
135 200000 | 133 84 53 53
148 200000 | 145 97 54 54
124 200000 | 120 82 46 46
152 200000 | 148 97 59 59
131 200000 | 129 92 41 41
144 200000 | 143 94 51 51
126 200000 | 123 78 51 51
140 200000 | 135 98 47 47
144 200000 | 138 101 49 49
152 200000 | 147 105 52 52
135 200000 | 125 81 64 64
161 200000 | 153 110 59 59
133 200000 | 131 94 41 41
130 200000 | 130 87 43 43
109 200000 | 107 73 38 38
131 200000 | 130 74 58 58
136 200000 | 130 92 50 50
131 200000 | 124 90 48 48
169 200000 | 161 115 62 62
116 200000 | 115 61 56 56
144 200000 | 137 101 50 50
145 200000 | 144 96 50 50
117 200000 | 112 79 43 43
145 200000 | 139 94 57 57
138 200000 | 134 88 54 54
132 200000 | 126 83 55 55
133 200000 | 131 92 43 43
137 200000 | 136 84 54 54
141 200000 | 135 91 56 56
146 200000 | 142 94 56 56
163 200000 | 157 111 58 58
140 200000 | 136 102 42 42
136 200000 | 130 84 58 58
140 200000 | 136 84 60 60
134 200000 | 130 82 56 56
132 200000 | 129 87 48 48
147 200000 | 145 96 53 53
140 200000 | 136 89 55 55
165 200000 | 160 109 61 61
147 200000 | 143 96 55 55
126 200000 | 122 74 56 56
150 200000 | 145 91 64 64
131 200000 | 125 91 46 46
131 200000 | 129 82 51 51
121 200000 | 118 73 51 51
134 200000 | 128 88 52 52
155 200000 | 151 99 60 60
138 200000 | 133 92 51 51
135 200000 | 128 88 54 54
132 200000 | 130 78 56 56
137 200000 | 131 88 55 55
145 200000 | 138 88 64 64
139 200000 | 136 97 45 45
148 200000 | 144 97 55 55
151 200000 | 147 101 54 54
126 200000 | 125 85 42 42
140 200000 | 136 86 58 58
130 200000 | 128 82 50 50
141 200000 | 141 94 47 47
138 200000 | 134 90 52 52
120 200000 | 117 80 43 43
132 200000 | 131 99 34 34
146 200000 | 138 103 51 51
140 200000 | 137 89 54 54
144 200000 | 137 76 75 75
142 200000 | 138 91 55 55
137 200000 | 131 94 49 49
140 200000 | 135 89 56 56
134 200000 | 129 88 51 51
139 200000 | 135 96 47 47
125 200000 | 118 81 51 51
148 200000 | 145 102 49 49
143 200000 | 142 88 56 56
151 200000 | 145 106 51 51
137 200000 | 133 82 59 59
131 200000 | 130 81 51 51
118 200000 | 115 85 36 36
137 200000 | 131 96 47 47
122 200000 | 117 78 49 49
149 200000 | 145 96 57 57
120 200000 | 115 81 44 44
133 200000 | 128 86 52 52
140 200000 | 133 88 59 59
125 200000 | 119 87 44 44
136 200000 | 133 93 46 46
145 200000 | 139 91 60 60
