272 200000 | 129 185 230 230
250 200000 | 142 162 196 196
246 200000 | 135 161 196 196
259 200000 | 146 164 208 208
261 200000 | 132 179 211 211
260 200000 | 144 176 200 200
252 200000 | 122 176 206 206
274 200000 | 142 179 227 227
266 200000 | 137 192 203 203
244 200000 | 151 161 176 176
258 200000 | 150 185 181 181
251 200000 | 132 179 191 191
271 200000 | 143 189 210 210
266 200000 | 148 171 213 213
250 200000 | 126 180 194 194
237 200000 | 122 164 188 188
250 200000 | 122 182 196 196
259 200000 | 128 185 205 205
233 200000 | 136 156 174 174
258 200000 | 134 178 204 204
251 200000 | 129 171 202 202
272 200000 | 144 176 224 224
246 200000 | 129 174 189 189
248 200000 | 124 180 192 192
277 200000 | 145 200 209 209
219 200000 | 134 143 161 161
269 200000 | 145 193 200 200
232 200000 | 130 154 180 180
261 200000 | 153 171 198 198
272 200000 | 144 191 209 209
263 200000 | 136 180 210 210
267 200000 | 129 192 213 213
239 200000 | 123 171 184 184
272 200000 | 149 181 214 214
248 200000 | 129 167 200 200
237 200000 | 142 150 182 182
237 200000 | 126 170 178 178
245 200000 | 124 184 182 182
253 200000 | 150 159 197 197
243 200000 | 134 165 187 187
270 200000 | 134 195 211 211
265 200000 | 148 176 206 206
235 200000 | 124 162 184 184
263 200000 | 139 185 202 202
265 200000 | 144 178 208 208
247 200000 | 139 159 196 196
245 200000 | 138 168 184 184
262 200000 | 129 184 211 211
256 200000 | 125 185 202 202
280 200000 | 152 190 218 218
264 200000 | 146 192 190 190
276 200000 | 144 186 222 222
247 200000 | 132 174 188 188
244 200000 | 122 173 193 193
244 200000 | 133 171 184 184
237 200000 | 134 155 185 185
279 200000 | 133 203 222 222
253 200000 | 143 168 195 195
264 200000 | 137 184 207 207
285 200000 | 153 208 209 209
242 200000 | 130 170 184 184
276 200000 | 152 189 211 211
262 200000 | 144 168 212 212
248 200000 | 125 169 202 202
236 200000 | 129 152 191 191
272 200000 | 137 201 206 206
235 200000 | 129 160 181 181
258 200000 | 147 160 209 209
279 200000 | 155 190 213 213
245 200000 | 129 163 198 198
271 200000 | 140 183 219 219
251 200000 | 145 165 192 192
218 200000 | 123 145 168 168
247 200000 | 129 184 181 181
233 200000 | 131 144 191 191
253 200000 | 145 160 201 201
249 200000 | 135 169 194 194
249 200000 | 128 179 191 191
228 200000 | 133 164 159 159
273 200000 | 139 183 224 224
240 200000 | 121 168 191 191
265 200000 | 153 178 199 199
235 200000 | 128 169 173 173
242 200000 | 128 162 194 194
239 200000 | 135 157 186 186
260 200000 | 136 183 201 201
242 200000 | 126 170 188 188
263 200000 | 143 179 204 204
253 200000 | 151 158 197 197
251 200000 | 127 172 203 203
235 200000 | 137 164 169 169
239 200000 | 111 172 195 195
270 200000 | 152 182 206 206
242 200000 | 132 157 195 195
249 200000 | 139 166 193 193
239 200000 | 119 171 188 188
273 200000 | 160 185 201 201
242 200000 | 117 169 198 198
267 200000 | 117 193 224 224
231 200000 | 128 160 174 174
252 200000 | 140 173 191 191
242 200000 | 145 160 179 179
272 200000 | 137 198 209 209
251 200000 | 128 176 198 198
228 200000 | 121 154 181 181
264 200000 | 143 180 205 205
250 200000 | 138 170 192 192
243 200000 | 140 157 189 189
243 200000 | 126 156 204 204
273 200000 | 151 180 215 215
258 200000 | 140 175 201 201
247 200000 | 137 171 186 186
241 200000 | 146 160 176 176
257 200000 | 117 181 216 216
251 200000 | 134 169 199 199
262 200000 | 146 179 199 199
259 200000 | 144 171 203 203
278 200000 | 159 191 206 206
287 200000 | 158 200 216 216
253 200000 | 134 169 203 203
261 200000 | 151 170 201 201
251 200000 | 144 170 188 188
272 200000 | 134 184 226 226
238 200000 | 127 158 191 191
249 200000 | 137 168 193 193
228 200000 | 127 151 178 178
274 200000 | 142 179 227 227
232 200000 | 118 164 182 182
269 200000 | 155 181 202 202
241 200000 | 135 163 184 184
255 200000 | 144 169 197 197
242 200000 | 132 162 190 190
252 200000 | 140 160 204 204
204 200000 | 112 142 154 154
252 200000 | 119 176 209 209
245 200000 | 137 170 183 183
234 200000 | 122 161 185 185
244 200000 | 133 173 182 182
250 200000 | 124 177 199 199
256 200000 | 132 178 202 202
253 200000 | 136 176 194 194
240 200000 | 129 167 184 184
256 200000 | 132 184 196 196
249 200000 | 147 157 194 194
262 200000 | 147 191 186 186
272 200000 | 144 193 207 207
272 200000 | 154 185 205 205
243 200000 | 132 153 201 201
265 200000 | 141 178 211 211
259 200000 | 156 158 204 204
252 200000 | 128 182 194 194
241 200000 | 147 157 178 178
246 200000 | 131 169 192 192
242 200000 | 139 162 183 183
254 200000 | 140 172 196 196
268 200000 | 147 180 209 209
262 200000 | 128 190 206 206
266 200000 | 142 191 199 199
234 200000 | 124 164 180 180
230 200000 | 116 161 183 183
237 200000 | 136 164 174 174
288 200000 | 161 196 219 219
276 200000 | 157 188 207 207
276 200000 | 147 179 226 226
253 200000 | 127 178 201 201
252 200000 | 137 170 197 197
259 200000 | 147 166 205 205
242 200000 | 133 157 194 194
242 200000 | 131 158 195 195
237 200000 | 116 167 191 191
255 200000 | 143 169 198 198
273 200000 | 141 185 220 220
259 200000 | 138 175 205 205
243 200000 | 145 155 186 186
249 200000 | 125 182 191 191
256 200000 | 126 180 206 206
254 200000 | 154 168 186 186
267 200000 | 144 183 207 207
225 200000 | 114 155 181 181
257 200000 | 141 163 210 210
275 200000 | 158 186 206 206
284 200000 | 154 205 209 209
235 200000 | 123 164 183 183
260 200000 | 142 189 189 189
277 200000 | 145 191 218 218
