710 200000 | 352 463 605 605
741 200000 | 390 503 589 589
742 200000 | 371 493 620 620
756 200000 | 385 496 631 631
748 200000 | 389 495 612 612
739 200000 | 357 490 631 631
710 200000 | 351 483 586 586
757 200000 | 390 518 606 606
708 200000 | 338 496 582 582
729 200000 | 398 489 571 571
719 200000 | 370 479 589 589
756 200000 | 414 479 619 619
684 200000 | 369 458 541 541
755 200000 | 386 510 614 614
757 200000 | 381 499 634 634
712 200000 | 348 480 596 596
726 200000 | 364 483 605 605
697 200000 | 324 478 592 592
739 200000 | 365 495 618 618
771 200000 | 407 501 634 634
759 200000 | 403 490 625 625
690 200000 | 336 481 563 563
657 200000 | 344 426 544 544
702 200000 | 368 459 577 577
709 200000 | 350 469 599 599
746 200000 | 389 486 617 617
774 200000 | 387 542 619 619
718 200000 | 358 476 602 602
707 200000 | 362 464 588 588
703 200000 | 364 453 589 589
723 200000 | 389 455 602 602
712 200000 | 376 454 594 594
738 200000 | 350 510 616 616
699 200000 | 350 468 580 580
717 200000 | 380 467 587 587
733 200000 | 353 492 621 621
777 200000 | 377 537 640 640
741 200000 | 390 480 612 612
758 200000 | 375 506 635 635
747 200000 | 363 500 631 631
672 200000 | 314 466 564 564
706 200000 | 335 488 589 589
737 200000 | 367 480 627 627
742 200000 | 372 475 637 637
725 200000 | 368 476 606 606
705 200000 | 350 478 582 582
727 200000 | 364 478 612 612
772 200000 | 410 502 632 632
681 200000 | 318 465 579 579
740 200000 | 378 503 599 599
729 200000 | 359 501 598 598
700 200000 | 354 476 570 570
750 200000 | 384 495 621 621
748 200000 | 394 497 605 605
700 200000 | 343 482 575 575
792 200000 | 407 526 651 651
687 200000 | 363 434 577 577
731 200000 | 368 498 596 596
742 200000 | 395 473 616 616
695 200000 | 359 461 570 570
751 200000 | 412 479 611 611
723 200000 | 354 477 615 615
727 200000 | 350 502 602 602
702 200000 | 348 471 585 585
734 200000 | 365 499 604 604
778 200000 | 373 531 652 652
743 200000 | 395 478 613 613
720 200000 | 366 483 591 591
748 200000 | 356 502 638 638
