128 200000 | 125 49 82 82
114 200000 | 113 38 77 77
93 200000 | 91 37 58 58
129 200000 | 129 55 74 74
125 200000 | 123 44 83 83
101 200000 | 99 40 63 63
112 200000 | 109 39 76 76
112 200000 | 111 34 79 79
130 200000 | 129 44 87 87
125 200000 | 125 60 65 65
105 200000 | 101 34 75 75
129 200000 | 127 54 77 77
126 200000 | 125 56 71 71
110 200000 | 109 42 69 69
120 200000 | 118 39 83 83
121 200000 | 121 47 74 74
113 200000 | 111 47 68 68
135 200000 | 133 64 73 73
107 200000 | 107 41 66 66
120 200000 | 119 46 75 75
96 200000 | 94 34 64 64
107 200000 | 104 42 68 68
145 200000 | 145 48 97 97
122 200000 | 122 45 77 77
115 200000 | 112 51 67 67
123 200000 | 121 44 81 81
115 200000 | 114 50 66 66
128 200000 | 127 47 82 82
136 200000 | 135 50 87 87
122 200000 | 122 45 77 77
122 200000 | 121 50 73 73
113 200000 | 113 47 66 66
131 200000 | 129 61 72 72
106 200000 | 105 38 69 69
123 200000 | 122 54 70 70
129 200000 | 129 50 79 79
120 200000 | 117 55 68 68
126 200000 | 123 48 81 81
119 200000 | 119 44 75 75
98 200000 | 97 45 54 54
110 200000 | 109 41 70 70
115 200000 | 111 52 67 67
125 200000 | 123 54 73 73
139 200000 | 138 42 98 98
120 200000 | 119 48 73 73
111 200000 | 111 46 65 65
104 200000 | 104 33 71 71
116 200000 | 114 47 71 71
105 200000 | 104 41 65 65
119 200000 | 117 46 75 75
108 200000 | 105 46 65 65
99 200000 | 97 35 66 66
120 200000 | 119 48 73 73
112 200000 | 110 55 59 59
132 200000 | 132 52 80 80
99 200000 | 97 42 59 59
120 200000 | 120 51 69 69
122 200000 | 121 48 75 75
128 200000 | 127 46 83 83
132 200000 | 132 44 88 88
122 200000 | 119 48 77 77
118 200000 | 116 45 75 75
121 200000 | 120 51 71 71
121 200000 | 118 44 80 80
120 200000 | 119 47 74 74
130 200000 | 129 48 83 83
115 200000 | 115 40 75 75
121 200000 | 117 52 73 73
105 200000 | 105 41 64 64
111 200000 | 111 35 76 76
131 200000 | 130 48 84 84
117 200000 | 115 45 74 74
123 200000 | 120 44 82 82
127 200000 | 125 47 82 82
112 200000 | 109 41 74 74
122 200000 | 121 49 74 74
108 200000 | 106 41 69 69
113 200000 | 109 47 70 70
117 200000 | 116 50 68 68
132 200000 | 131 49 84 84
144 200000 | 142 59 87 87
115 200000 | 114 47 69 69
138 200000 | 138 50 88 88
111 200000 | 111 52 59 59
127 200000 | 126 41 87 87
127 200000 | 126 53 75 75
120 200000 | 120 52 68 68
118 200000 | 115 43 78 78
97 200000 | 97 37 60 60
120 200000 | 119 44 77 77
115 200000 | 115 49 66 66
105 200000 | 105 40 65 65
127 200000 | 127 46 81 81
100 200000 | 95 31 74 74
139 200000 | 139 43 96 96
124 200000 | 124 47 77 77
138 200000 | 137 58 81 81
106 200000 | 105 35 72 72
112 200000 | 111 42 71 71
125 200000 | 123 50 77 77
106 200000 | 105 34 73 73
121 200000 | 121 46 75 75
128 200000 | 126 62 68 68
129 200000 | 129 46 83 83
110 200000 | 109 40 71 71
120 200000 | 116 50 74 74
123 200000 | 122 38 86 86
125 200000 | 125 53 72 72
110 200000 | 110 43 67 67
131 200000 | 130 48 84 84
138 200000 | 137 58 81 81
148 200000 | 144 67 85 85
135 200000 | 135 53 82 82
135 200000 | 133 48 89 89
141 200000 | 140 43 99 99
122 200000 | 121 49 74 74
117 200000 | 115 50 69 69
129 200000 | 128 52 78 78
112 200000 | 112 44 68 68
130 200000 | 126 43 91 91
102 200000 | 100 50 54 54
130 200000 | 129 47 84 84
132 200000 | 129 56 79 79
100 200000 | 100 40 60 60
128 200000 | 126 51 79 79
102 200000 | 102 48 54 54
109 200000 | 108 36 74 74
117 200000 | 116 45 73 73
122 200000 | 119 51 74 74
129 200000 | 124 54 80 80
139 200000 | 138 58 82 82
128 200000 | 127 55 74 74
130 200000 | 130 41 89 89
134 200000 | 133 60 75 75
126 200000 | 126 54 72 72
105 200000 | 104 43 63 63
126 200000 | 124 39 89 89
123 200000 | 122 51 73 73
94 200000 | 94 38 56 56
126 200000 | 123 44 85 85
127 200000 | 127 43 84 84
118 200000 | 118 39 79 79
111 200000 | 109 46 67 67
122 200000 | 122 43 79 79
122 200000 | 120 40 84 84
116 200000 | 114 48 70 70
117 200000 | 116 46 72 72
106 200000 | 103 42 67 67
117 200000 | 117 40 77 77
107 200000 | 105 42 67 67
126 200000 | 124 48 80 80
112 200000 | 110 47 67 67
135 200000 | 133 56 81 81
122 200000 | 122 48 74 74
129 200000 | 128 42 88 88
123 200000 | 120 45 81 81
114 200000 | 113 40 75 75
117 200000 | 116 54 64 64
108 200000 | 107 41 68 68
139 200000 | 138 53 87 87
121 200000 | 120 58 64 64
114 200000 | 112 48 68 68
133 200000 | 130 53 83 83
111 200000 | 109 48 65 65
132 200000 | 130 40 94 94
112 200000 | 111 46 67 67
122 200000 | 122 49 73 73
126 200000 | 125 48 79 79
123 200000 | 123 38 85 85
141 200000 | 140 57 85 85
112 200000 | 109 38 77 77
124 200000 | 123 53 72 72
103 200000 | 101 37 68 68
120 200000 | 119 35 86 86
115 200000 | 113 41 76 76
119 200000 | 119 45 74 74
117 200000 | 117 45 72 72
114 200000 | 114 41 73 73
103 200000 | 103 47 56 56
133 200000 | 132 60 74 74
152 200000 | 148 59 97 97
143 200000 | 142 56 88 88
120 200000 | 120 42 78 78
110 200000 | 109 41 70 70
98 200000 | 97 35 64 64
136 200000 | 134 51 87 87
123 200000 | 121 40 85 85
128 200000 | 128 54 74 74
132 200000 | 131 48 85 85
114 200000 | 113 48 67 67
113 200000 | 113 42 71 71
100 200000 | 97 43 60 60
113 200000 | 113 50 63 63
105 200000 | 103 40 67 67
121 200000 | 120 49 73 73
126 200000 | 125 48 79 79
131 200000 | 131 44 87 87
106 200000 | 105 42 65 65
124 200000 | 121 46 81 81
103 200000 | 103 39 64 64
116 200000 | 113 45 74 74
113 200000 | 112 47 67 67
146 200000 | 144 59 89 89
127 200000 | 125 47 82 82
121 200000 | 121 45 76 76
125 200000 | 124 56 70 70
110 200000 | 109 42 69 69
156 200000 | 155 59 98 98
124 200000 | 123 50 75 75
114 200000 | 113 35 80 80
129 200000 | 129 43 86 86
106 200000 | 106 41 65 65
112 200000 | 110 50 64 64
