779 200000 | 704 558 296 296
854 200000 | 777 639 292 292
874 200000 | 795 638 315 315
809 200000 | 727 583 308 308
859 200000 | 777 624 317 317
873 200000 | 804 653 289 289
801 200000 | 737 595 270 270
845 200000 | 777 631 282 282
801 200000 | 721 604 277 277
826 200000 | 742 635 275 275
802 200000 | 729 588 287 287
839 200000 | 780 582 316 316
827 200000 | 734 623 297 297
897 200000 | 816 658 320 320
774 200000 | 709 550 289 289
826 200000 | 759 571 322 322
814 200000 | 737 611 280 280
861 200000 | 790 627 305 305
806 200000 | 723 608 281 281
838 200000 | 755 608 313 313
814 200000 | 744 582 302 302
862 200000 | 795 636 293 293
841 200000 | 774 571 337 337
858 200000 | 768 649 299 299
846 200000 | 771 613 308 308
844 200000 | 776 622 290 290
836 200000 | 764 604 304 304
816 200000 | 739 608 285 285
782 200000 | 718 546 300 300
829 200000 | 761 620 277 277
790 200000 | 726 604 250 250
840 200000 | 773 635 272 272
857 200000 | 764 639 311 311
854 200000 | 767 616 325 325
873 200000 | 798 657 291 291
836 200000 | 760 618 294 294
818 200000 | 746 598 292 292
842 200000 | 758 628 298 298
812 200000 | 732 583 309 309
809 200000 | 742 583 293 293
854 200000 | 763 629 316 316
803 200000 | 738 608 260 260
843 200000 | 761 625 300 300
851 200000 | 765 626 311 311
867 200000 | 796 617 321 321
799 200000 | 727 563 308 308
847 200000 | 756 626 312 312
803 200000 | 730 593 283 283
833 200000 | 762 584 320 320
839 200000 | 765 619 294 294
803 200000 | 735 612 259 259
865 200000 | 786 636 308 308
816 200000 | 734 615 283 283
798 200000 | 722 596 278 278
810 200000 | 732 593 295 295
839 200000 | 767 615 296 296
863 200000 | 788 620 318 318
866 200000 | 775 643 314 314
876 200000 | 773 650 329 329
797 200000 | 727 572 295 295
836 200000 | 770 584 318 318
