310 200000 | 108 310 202 202
303 200000 | 124 301 181 181
364 200000 | 139 363 226 226
346 200000 | 121 343 228 228
361 200000 | 119 357 246 246
331 200000 | 140 326 196 196
330 200000 | 124 325 211 211
343 200000 | 144 340 202 202
336 200000 | 125 332 215 215
357 200000 | 130 356 228 228
358 200000 | 146 355 215 215
342 200000 | 123 340 221 221
335 200000 | 123 333 214 214
357 200000 | 138 354 222 222
334 200000 | 131 334 203 203
347 200000 | 132 346 216 216
338 200000 | 158 338 180 180
360 200000 | 131 358 231 231
356 200000 | 129 355 228 228
325 200000 | 129 323 198 198
362 200000 | 136 360 228 228
321 200000 | 106 318 218 218
336 200000 | 137 336 199 199
332 200000 | 134 330 200 200
326 200000 | 122 325 205 205
331 200000 | 133 331 198 198
354 200000 | 122 353 233 233
324 200000 | 138 320 190 190
333 200000 | 127 333 206 206
348 200000 | 132 346 218 218
336 200000 | 129 334 209 209
331 200000 | 139 326 197 197
319 200000 | 127 318 193 193
350 200000 | 139 347 214 214
348 200000 | 133 346 217 217
307 200000 | 104 305 205 205
342 200000 | 142 339 203 203
352 200000 | 121 352 231 231
346 200000 | 140 345 207 207
314 200000 | 117 313 198 198
324 200000 | 122 323 203 203
319 200000 | 116 319 203 203
331 200000 | 122 330 210 210
340 200000 | 131 339 210 210
325 200000 | 119 322 209 209
335 200000 | 138 330 202 202
313 200000 | 129 310 187 187
346 200000 | 129 345 218 218
342 200000 | 130 340 214 214
322 200000 | 121 322 201 201
370 200000 | 139 366 235 235
346 200000 | 134 343 215 215
301 200000 | 105 299 198 198
367 200000 | 141 365 228 228
359 200000 | 121 358 239 239
286 200000 | 97 286 189 189
325 200000 | 117 324 209 209
328 200000 | 142 327 187 187
357 200000 | 138 354 222 222
282 200000 | 112 279 173 173
344 200000 | 147 340 201 201
323 200000 | 125 319 202 202
324 200000 | 120 322 206 206
307 200000 | 135 307 172 172
349 200000 | 127 348 223 223
321 200000 | 112 320 210 210
317 200000 | 129 314 191 191
331 200000 | 134 329 199 199
329 200000 | 125 327 206 206
322 200000 | 133 320 191 191
350 200000 | 133 349 218 218
328 200000 | 137 326 193 193
337 200000 | 134 333 207 207
342 200000 | 119 340 225 225
315 200000 | 123 313 194 194
354 200000 | 133 352 223 223
365 200000 | 148 365 217 217
335 200000 | 129 333 208 208
352 200000 | 138 348 218 218
369 200000 | 125 368 245 245
348 200000 | 124 345 227 227
332 200000 | 112 331 221 221
311 200000 | 122 308 192 192
381 200000 | 142 378 242 242
315 200000 | 115 314 201 201
321 200000 | 101 318 223 223
353 200000 | 147 349 210 210
326 200000 | 126 323 203 203
334 200000 | 137 329 202 202
386 200000 | 144 384 244 244
318 200000 | 131 316 189 189
335 200000 | 133 332 205 205
346 200000 | 144 345 203 203
334 200000 | 127 333 208 208
355 200000 | 143 351 216 216
343 200000 | 132 342 212 212
348 200000 | 135 346 215 215
312 200000 | 115 309 200 200
288 200000 | 126 286 164 164
341 200000 | 132 337 213 213
343 200000 | 130 341 215 215
358 200000 | 150 355 211 211
359 200000 | 127 356 235 235
387 200000 | 158 386 230 230
311 200000 | 122 310 190 190
337 200000 | 120 335 219 219
377 200000 | 151 375 228 228
325 200000 | 117 323 210 210
339 200000 | 133 336 209 209
337 200000 | 115 337 222 222
345 200000 | 120 344 226 226
317 200000 | 112 316 206 206
325 200000 | 120 324 206 206
334 200000 | 132 334 202 202
357 200000 | 128 355 231 231
331 200000 | 136 329 197 197
343 200000 | 119 341 226 226
355 200000 | 129 355 226 226
308 200000 | 124 306 186 186
297 200000 | 122 295 177 177
340 200000 | 148 339 193 193
334 200000 | 136 330 202 202
347 200000 | 132 345 217 217
339 200000 | 143 337 198 198
345 200000 | 138 343 209 209
346 200000 | 133 346 213 213
325 200000 | 119 324 207 207
357 200000 | 142 356 216 216
356 200000 | 153 356 203 203
322 200000 | 129 319 196 196
322 200000 | 124 320 200 200
351 200000 | 120 349 233 233
368 200000 | 161 365 210 210
346 200000 | 128 344 220 220
367 200000 | 135 365 234 234
358 200000 | 121 355 240 240
321 200000 | 138 316 188 188
310 200000 | 99 308 213 213
357 200000 | 143 357 214 214
362 200000 | 138 359 227 227
346 200000 | 125 341 226 226
330 200000 | 120 327 213 213
338 200000 | 139 333 204 204
317 200000 | 128 316 190 190
309 200000 | 106 307 205 205
330 200000 | 137 329 194 194
325 200000 | 120 323 207 207
335 200000 | 127 334 209 209
343 200000 | 121 340 225 225
