201 200000 | 200 195 7 7
201 200000 | 200 200 2 2
251 200000 | 249 248 5 5
202 200000 | 201 197 6 6
215 200000 | 215 210 5 5
214 200000 | 213 210 5 5
218 200000 | 216 215 5 5
212 200000 | 210 207 7 7
207 200000 | 205 203 6 6
203 200000 | 203 200 3 3
224 200000 | 224 218 6 6
239 200000 | 235 237 6 6
179 200000 | 178 175 5 5
234 200000 | 231 222 15 15
232 200000 | 231 223 10 10
223 200000 | 219 219 8 8
219 200000 | 217 217 4 4
210 200000 | 208 206 6 6
238 200000 | 238 234 4 4
220 200000 | 219 217 4 4
220 200000 | 220 212 8 8
220 200000 | 217 217 6 6
222 200000 | 222 220 2 2
198 200000 | 197 195 4 4
203 200000 | 203 202 1 1
207 200000 | 207 204 3 3
217 200000 | 217 210 7 7
203 200000 | 203 202 1 1
187 200000 | 184 185 5 5
202 200000 | 200 200 4 4
228 200000 | 227 221 8 8
211 200000 | 211 209 2 2
229 200000 | 227 220 11 11
209 200000 | 209 201 8 8
191 200000 | 191 184 7 7
231 200000 | 230 225 7 7
237 200000 | 237 230 7 7
233 200000 | 232 225 9 9
236 200000 | 234 233 5 5
236 200000 | 236 229 7 7
209 200000 | 209 204 5 5
195 200000 | 195 186 9 9
222 200000 | 219 217 8 8
211 200000 | 208 205 9 9
235 200000 | 233 226 11 11
213 200000 | 211 210 5 5
216 200000 | 214 213 5 5
214 200000 | 211 212 5 5
204 200000 | 203 198 7 7
200 200000 | 199 198 3 3
236 200000 | 235 232 5 5
243 200000 | 241 233 12 12
226 200000 | 225 221 6 6
232 200000 | 232 228 4 4
234 200000 | 234 229 5 5
228 200000 | 222 222 12 12
223 200000 | 223 220 3 3
214 200000 | 214 213 1 1
240 200000 | 239 231 10 10
219 200000 | 219 214 5 5
221 200000 | 221 215 6 6
216 200000 | 214 205 13 13
217 200000 | 215 215 4 4
223 200000 | 222 217 7 7
230 200000 | 230 224 6 6
211 200000 | 211 206 5 5
193 200000 | 193 190 3 3
201 200000 | 197 197 8 8
188 200000 | 186 187 3 3
211 200000 | 209 208 5 5
224 200000 | 224 219 5 5
236 200000 | 235 231 6 6
231 200000 | 231 225 6 6
202 200000 | 202 197 5 5
226 200000 | 223 221 8 8
237 200000 | 233 235 6 6
237 200000 | 237 232 5 5
230 200000 | 230 221 9 9
256 200000 | 252 253 7 7
217 200000 | 216 216 2 2
188 200000 | 186 183 7 7
213 200000 | 211 209 6 6
213 200000 | 211 209 6 6
249 200000 | 248 248 2 2
247 200000 | 246 239 9 9
181 200000 | 181 177 4 4
212 200000 | 212 204 8 8
219 200000 | 218 215 5 5
233 200000 | 232 232 2 2
244 200000 | 241 239 8 8
243 200000 | 241 234 11 11
201 200000 | 199 199 4 4
239 200000 | 236 235 7 7
236 200000 | 236 232 4 4
220 200000 | 219 214 7 7
241 200000 | 240 238 4 4
231 200000 | 225 228 9 9
235 200000 | 233 232 5 5
231 200000 | 227 229 6 6
217 200000 | 214 213 7 7
247 200000 | 246 245 3 3
211 200000 | 209 209 4 4
220 200000 | 219 215 6 6
242 200000 | 240 239 5 5
214 200000 | 211 207 10 10
226 200000 | 224 223 5 5
219 200000 | 219 214 5 5
219 200000 | 218 216 4 4
239 200000 | 235 231 12 12
224 200000 | 220 219 9 9
225 200000 | 224 223 3 3
223 200000 | 221 218 7 7
223 200000 | 221 217 8 8
241 200000 | 237 239 6 6
206 200000 | 204 202 6 6
229 200000 | 228 223 7 7
204 200000 | 204 200 4 4
224 200000 | 223 220 5 5
209 200000 | 209 203 6 6
217 200000 | 216 212 6 6
244 200000 | 243 238 7 7
227 200000 | 226 221 7 7
233 200000 | 231 228 7 7
221 200000 | 218 214 10 10
223 200000 | 220 216 10 10
219 200000 | 218 217 3 3
232 200000 | 230 225 9 9
235 200000 | 234 228 8 8
243 200000 | 243 236 7 7
203 200000 | 202 201 3 3
228 200000 | 226 221 9 9
228 200000 | 227 226 3 3
212 200000 | 210 204 10 10
231 200000 | 228 228 6 6
225 200000 | 224 221 5 5
230 200000 | 228 228 4 4
204 200000 | 203 200 5 5
220 200000 | 218 212 10 10
222 200000 | 218 220 6 6
235 200000 | 235 235 0 0
238 200000 | 234 237 5 5
219 200000 | 217 213 8 8
210 200000 | 210 207 3 3
235 200000 | 234 226 10 10
224 200000 | 223 220 5 5
195 200000 | 195 193 2 2
256 200000 | 255 254 3 3
219 200000 | 217 214 7 7
214 200000 | 212 209 7 7
216 200000 | 215 209 8 8
221 200000 | 219 216 7 7
212 200000 | 211 210 3 3
204 200000 | 203 200 5 5
222 200000 | 220 219 5 5
234 200000 | 232 230 6 6
200 200000 | 198 196 6 6
216 200000 | 214 209 9 9
221 200000 | 219 217 6 6
207 200000 | 205 202 7 7
214 200000 | 214 211 3 3
244 200000 | 242 238 8 8
215 200000 | 213 209 8 8
214 200000 | 213 209 6 6
211 200000 | 209 210 3 3
229 200000 | 228 226 4 4
235 200000 | 232 234 4 4
235 200000 | 235 230 5 5
210 200000 | 209 209 2 2
225 200000 | 222 219 9 9
225 200000 | 222 218 10 10
236 200000 | 232 235 5 5
215 200000 | 213 209 8 8
236 200000 | 236 234 2 2
212 200000 | 211 211 2 2
215 200000 | 213 212 5 5
198 200000 | 196 195 5 5
194 200000 | 194 189 5 5
219 200000 | 218 215 5 5
230 200000 | 227 227 6 6
248 200000 | 243 243 10 10
214 200000 | 213 212 3 3
214 200000 | 214 208 6 6
235 200000 | 233 232 5 5
219 200000 | 216 216 6 6
231 200000 | 229 226 7 7
206 200000 | 205 203 4 4
222 200000 | 221 214 9 9
231 200000 | 229 227 6 6
235 200000 | 235 229 6 6
231 200000 | 228 227 7 7
235 200000 | 234 230 6 6
232 200000 | 231 225 8 8
204 200000 | 202 199 7 7
233 200000 | 229 228 9 9
220 200000 | 219 214 7 7
232 200000 | 231 227 6 6
222 200000 | 221 219 4 4
230 200000 | 229 222 9 9
216 200000 | 216 212 4 4
202 200000 | 201 194 9 9
217 200000 | 214 213 7 7
249 200000 | 246 243 9 9
201 200000 | 199 192 11 11
209 200000 | 207 207 4 4
230 200000 | 228 227 5 5
202 200000 | 200 197 7 7
209 200000 | 209 207 2 2
235 200000 | 234 230 6 6
225 200000 | 223 221 6 6
228 200000 | 227 225 4 4
218 200000 | 216 214 6 6
223 200000 | 222 220 4 4
213 200000 | 211 209 6 6
252 200000 | 251 247 6 6
228 200000 | 228 227 1 1
219 200000 | 217 217 4 4
209 200000 | 207 205 6 6
220 200000 | 217 216 7 7
245 200000 | 242 242 6 6
214 200000 | 211 211 6 6
224 200000 | 224 219 5 5
213 200000 | 211 204 11 11
218 200000 | 217 216 3 3
225 200000 | 223 221 6 6
192 200000 | 191 187 6 6
237 200000 | 235 232 7 7
207 200000 | 204 204 6 6
