156 200000 | 143 68 101 101
156 200000 | 140 70 102 102
140 200000 | 124 50 106 106
128 200000 | 122 61 73 73
136 200000 | 122 63 87 87
164 200000 | 151 58 119 119
148 200000 | 134 65 97 97
155 200000 | 145 64 101 101
162 200000 | 153 53 118 118
159 200000 | 140 51 127 127
171 200000 | 157 60 125 125
170 200000 | 153 65 122 122
227 300000 | 208 92 154 154
207 300000 | 194 71 149 149
56 58560 | 53 23 36 36
43 58560 | 39 11 36 36
51 58560 | 50 18 34 34
207 300000 | 188 78 148 148
48 58560 | 45 12 39 39
192 300000 | 170 90 124 124
51 58560 | 46 18 38 38
214 300000 | 201 83 144 144
54 58560 | 49 22 37 37
234 300000 | 212 100 156 156
227 300000 | 203 85 166 166
220 300000 | 200 87 153 153
39 58560 | 34 13 31 31
246 300000 | 228 100 164 164
34 58560 | 30 11 27 27
46 58560 | 43 19 30 30
192 300000 | 183 60 141 141
47 58560 | 45 19 30 30
241 300000 | 217 92 173 173
45 58560 | 43 18 29 29
254 300000 | 233 90 185 185
38 58560 | 33 15 28 28
207 300000 | 196 86 132 132
200 300000 | 179 79 142 142
220 300000 | 201 86 153 153
213 300000 | 195 69 162 162
200 300000 | 193 77 130 130
234 300000 | 215 85 168 168
139 200000 | 128 54 96 96
149 200000 | 136 56 106 106
167 200000 | 152 62 120 120
130 200000 | 121 47 92 92
138 200000 | 126 55 95 95
149 200000 | 137 58 103 103
135 200000 | 131 46 93 93
146 200000 | 129 63 100 100
155 200000 | 148 49 113 113
156 200000 | 141 61 110 110
153 200000 | 134 52 120 120
120 200000 | 112 48 80 80
151 200000 | 140 65 97 97
150 200000 | 139 66 95 95
150 200000 | 133 59 108 108
