284 200000 | 276 106 186 186
360 200000 | 351 139 230 230
327 200000 | 322 113 219 219
337 200000 | 327 132 215 215
324 200000 | 314 116 218 218
285 200000 | 273 103 194 194
324 200000 | 319 119 210 210
303 200000 | 297 113 196 196
311 200000 | 306 115 201 201
314 200000 | 306 108 214 214
315 200000 | 313 125 192 192
318 200000 | 309 128 199 199
298 200000 | 291 118 187 187
322 200000 | 313 114 217 217
334 200000 | 327 133 208 208
321 200000 | 310 128 204 204
332 200000 | 325 115 224 224
344 200000 | 337 131 220 220
360 200000 | 349 126 245 245
306 200000 | 300 101 211 211
305 200000 | 298 100 212 212
332 200000 | 322 123 219 219
315 200000 | 306 112 212 212
306 200000 | 301 108 203 203
335 200000 | 326 116 228 228
294 200000 | 288 114 186 186
342 200000 | 334 121 229 229
318 200000 | 311 116 209 209
301 200000 | 289 139 174 174
297 200000 | 286 114 194 194
340 200000 | 335 107 238 238
291 200000 | 279 118 185 185
325 200000 | 311 125 214 214
311 200000 | 297 133 192 192
332 200000 | 323 108 233 233
328 200000 | 317 112 227 227
299 200000 | 290 102 206 206
310 200000 | 304 112 204 204
306 200000 | 300 126 186 186
321 200000 | 312 134 196 196
305 200000 | 296 106 208 208
350 200000 | 343 129 228 228
328 200000 | 321 129 206 206
326 200000 | 321 121 210 210
317 200000 | 308 123 203 203
291 200000 | 281 110 191 191
343 200000 | 329 135 222 222
311 200000 | 298 114 210 210
300 200000 | 290 112 198 198
329 200000 | 320 105 233 233
321 200000 | 315 106 221 221
327 200000 | 323 126 205 205
325 200000 | 320 132 198 198
314 200000 | 303 137 188 188
318 200000 | 314 116 206 206
318 200000 | 311 109 216 216
321 200000 | 320 119 203 203
294 200000 | 288 103 197 197
319 200000 | 314 120 204 204
363 200000 | 349 143 234 234
356 200000 | 346 142 224 224
319 200000 | 315 103 220 220
322 200000 | 312 125 207 207
318 200000 | 315 108 213 213
322 200000 | 310 112 222 222
317 200000 | 305 124 205 205
307 200000 | 301 108 205 205
312 200000 | 303 108 213 213
330 200000 | 324 117 219 219
331 200000 | 325 125 212 212
302 200000 | 294 108 202 202
338 200000 | 336 118 222 222
295 200000 | 285 109 196 196
332 200000 | 326 117 221 221
311 200000 | 305 105 212 212
325 200000 | 312 121 217 217
363 200000 | 351 130 245 245
334 200000 | 324 135 209 209
324 200000 | 318 115 215 215
359 200000 | 353 131 234 234
326 200000 | 323 114 215 215
320 200000 | 312 112 216 216
339 200000 | 329 115 234 234
323 200000 | 318 118 210 210
332 200000 | 319 122 223 223
330 200000 | 324 123 213 213
324 200000 | 311 125 212 212
314 200000 | 302 118 208 208
323 200000 | 313 117 216 216
311 200000 | 308 105 209 209
336 200000 | 330 119 223 223
299 200000 | 291 109 198 198
318 200000 | 309 127 200 200
333 200000 | 313 112 241 241
328 200000 | 318 118 220 220
350 200000 | 340 135 225 225
296 200000 | 290 95 207 207
328 200000 | 320 131 205 205
370 200000 | 356 139 245 245
356 200000 | 342 122 248 248
321 200000 | 314 120 208 208
339 200000 | 330 128 220 220
328 200000 | 319 133 204 204
312 200000 | 304 129 191 191
321 200000 | 311 112 219 219
312 200000 | 305 117 202 202
325 200000 | 314 112 224 224
357 200000 | 341 134 239 239
320 200000 | 312 117 211 211
353 200000 | 347 135 224 224
296 200000 | 285 121 186 186
306 200000 | 303 117 192 192
322 200000 | 309 115 220 220
319 200000 | 313 116 209 209
314 200000 | 305 126 197 197
316 200000 | 303 116 213 213
337 200000 | 328 118 228 228
338 200000 | 325 123 228 228
333 200000 | 318 134 214 214
335 200000 | 324 125 221 221
339 200000 | 331 112 235 235
309 200000 | 306 118 194 194
342 200000 | 339 131 214 214
301 200000 | 299 101 202 202
302 200000 | 293 121 190 190
336 200000 | 331 117 224 224
312 200000 | 307 105 212 212
346 200000 | 336 137 219 219
297 200000 | 290 104 200 200
321 200000 | 313 137 192 192
324 200000 | 321 107 220 220
333 200000 | 325 117 224 224
311 200000 | 306 101 215 215
329 200000 | 315 136 207 207
338 200000 | 328 124 224 224
349 200000 | 338 114 246 246
322 200000 | 313 125 206 206
312 200000 | 302 120 202 202
317 200000 | 307 102 225 225
344 200000 | 332 132 224 224
309 200000 | 303 102 213 213
321 200000 | 313 115 214 214
312 200000 | 301 125 198 198
330 200000 | 322 118 220 220
354 200000 | 348 130 230 230
318 200000 | 312 114 210 210
321 200000 | 316 114 212 212
312 200000 | 301 119 204 204
329 200000 | 325 131 202 202
348 200000 | 339 124 233 233
331 200000 | 321 121 220 220
359 200000 | 347 155 216 216
358 200000 | 352 122 242 242
313 200000 | 302 123 201 201
352 200000 | 341 149 214 214
