85 200000 | 83 6 81 81
75 200000 | 75 2 73 73
95 200000 | 94 5 91 91
77 200000 | 76 1 77 77
83 200000 | 83 4 79 79
82 200000 | 82 1 81 81
79 200000 | 77 5 76 76
79 200000 | 78 2 78 78
86 200000 | 86 4 82 82
81 200000 | 79 3 80 80
97 200000 | 97 2 95 95
87 200000 | 86 3 85 85
93 200000 | 92 2 92 92
92 200000 | 91 3 90 90
73 200000 | 72 2 72 72
102 200000 | 102 5 97 97
90 200000 | 88 7 85 85
90 200000 | 90 4 86 86
89 200000 | 88 7 83 83
88 200000 | 88 4 84 84
88 200000 | 87 4 85 85
70 200000 | 70 4 66 66
85 200000 | 84 7 79 79
97 200000 | 94 8 92 92
