34638 46238 | 23111 22947 23218 23218
34676 46238 | 23229 22921 23202 23202
34675 46238 | 23215 22996 23139 23139
34536 46238 | 22977 23040 23055 23055
34778 46238 | 23204 23248 23104 23104
23963 32054 | 16168 15879 15879 15879
24099 32054 | 15903 16146 16149 16149
24036 32054 | 16146 15990 15936 15936
24091 32054 | 16065 15947 16170 16170
24189 32054 | 16186 16110 16082 16082
23884 32054 | 16033 15845 15890 15890
24034 32054 | 16066 15975 16027 16027
27933 37334 | 18570 18626 18670 18670
27968 37334 | 18613 18519 18804 18804
27963 37334 | 18555 18703 18668 18668
28072 37334 | 18772 18604 18768 18768
28059 37334 | 18699 18615 18804 18804
27951 37334 | 18670 18642 18590 18590
