311 200000 | 196 201 225 225
303 200000 | 174 212 220 220
302 200000 | 177 213 214 214
314 200000 | 167 219 242 242
315 200000 | 177 215 238 238
319 200000 | 188 208 242 242
308 200000 | 175 198 243 243
294 200000 | 180 182 226 226
321 200000 | 161 230 251 251
341 200000 | 205 242 235 235
316 200000 | 186 204 242 242
319 200000 | 187 211 240 240
317 200000 | 194 217 223 223
335 200000 | 188 238 244 244
325 200000 | 199 212 239 239
325 200000 | 192 222 236 236
312 200000 | 192 203 229 229
320 200000 | 195 211 234 234
296 200000 | 180 206 206 206
310 200000 | 167 221 232 232
296 200000 | 140 221 231 231
320 200000 | 174 232 234 234
327 200000 | 188 214 252 252
331 200000 | 191 232 239 239
344 200000 | 196 234 258 258
321 200000 | 198 213 231 231
310 200000 | 181 203 236 236
361 200000 | 226 238 258 258
303 200000 | 181 205 220 220
338 200000 | 188 246 242 242
353 200000 | 227 232 247 247
294 200000 | 182 192 214 214
310 200000 | 163 219 238 238
320 200000 | 204 208 228 228
325 200000 | 192 233 225 225
319 200000 | 177 217 244 244
326 200000 | 179 219 254 254
311 200000 | 181 216 225 225
337 200000 | 195 225 254 254
316 200000 | 182 205 245 245
351 200000 | 200 237 265 265
323 200000 | 181 208 257 257
340 200000 | 192 234 254 254
339 200000 | 190 227 261 261
329 200000 | 186 225 247 247
352 200000 | 189 244 271 271
298 200000 | 165 200 231 231
311 200000 | 177 221 224 224
320 200000 | 180 220 240 240
323 200000 | 168 225 253 253
359 200000 | 191 241 286 286
324 200000 | 179 225 244 244
325 200000 | 205 206 239 239
331 200000 | 175 240 247 247
345 200000 | 184 244 262 262
334 200000 | 183 238 247 247
313 200000 | 183 218 225 225
337 200000 | 193 229 252 252
324 200000 | 203 209 236 236
299 200000 | 175 207 216 216
335 200000 | 180 245 245 245
272 200000 | 154 179 211 211
326 200000 | 180 225 247 247
345 200000 | 192 245 253 253
297 200000 | 168 204 222 222
320 200000 | 191 209 240 240
321 200000 | 191 202 249 249
345 200000 | 197 240 253 253
330 200000 | 198 222 240 240
313 200000 | 171 214 241 241
325 200000 | 174 226 250 250
318 200000 | 192 216 228 228
303 200000 | 166 200 240 240
323 200000 | 183 222 241 241
333 200000 | 176 240 250 250
323 200000 | 173 244 229 229
331 200000 | 179 234 249 249
295 200000 | 148 213 229 229
336 200000 | 209 225 238 238
296 200000 | 171 197 224 224
303 200000 | 177 206 223 223
332 200000 | 206 221 237 237
307 200000 | 175 213 226 226
301 200000 | 176 204 222 222
309 200000 | 187 220 211 211
333 200000 | 192 226 248 248
335 200000 | 186 225 259 259
317 200000 | 183 212 239 239
323 200000 | 173 219 254 254
342 200000 | 195 241 248 248
327 200000 | 188 217 249 249
328 200000 | 204 219 233 233
355 200000 | 196 243 271 271
322 200000 | 167 231 246 246
325 200000 | 182 221 247 247
321 200000 | 200 215 227 227
329 200000 | 184 228 246 246
340 200000 | 186 229 265 265
327 200000 | 177 225 252 252
291 200000 | 177 193 212 212
349 200000 | 211 232 255 255
333 200000 | 191 230 245 245
324 200000 | 182 218 248 248
327 200000 | 191 221 242 242
334 200000 | 204 212 252 252
329 200000 | 178 231 249 249
325 200000 | 164 227 259 259
308 200000 | 166 216 234 234
359 200000 | 195 256 267 267
314 200000 | 183 215 230 230
323 200000 | 184 230 232 232
301 200000 | 166 206 230 230
327 200000 | 192 222 240 240
321 200000 | 186 222 234 234
342 200000 | 193 242 249 249
328 200000 | 176 234 246 246
289 200000 | 150 210 218 218
346 200000 | 193 241 258 258
332 200000 | 186 230 248 248
310 200000 | 186 200 234 234
328 200000 | 194 219 243 243
343 200000 | 205 230 251 251
296 200000 | 175 190 227 227
327 200000 | 196 226 232 232
317 200000 | 174 215 245 245
347 200000 | 210 224 260 260
337 200000 | 186 229 259 259
365 200000 | 225 245 260 260
325 200000 | 199 221 230 230
296 200000 | 149 218 225 225
321 200000 | 175 216 251 251
342 200000 | 204 216 264 264
319 200000 | 180 211 247 247
316 200000 | 195 211 226 226
362 200000 | 205 258 261 261
331 200000 | 192 236 234 234
316 200000 | 201 210 221 221
324 200000 | 189 215 244 244
338 200000 | 202 234 240 240
324 200000 | 191 203 254 254
329 200000 | 194 213 251 251
319 200000 | 160 227 251 251
349 200000 | 214 244 240 240
327 200000 | 192 220 242 242
348 200000 | 201 243 252 252
319 200000 | 178 203 257 257
313 200000 | 171 221 234 234
350 200000 | 195 250 255 255
330 200000 | 172 233 255 255
377 200000 | 207 263 284 284
340 200000 | 192 211 277 277
320 200000 | 178 223 239 239
331 200000 | 193 217 252 252
305 200000 | 177 222 211 211
346 200000 | 196 234 262 262
