243 200000 | 240 98 148 148
252 200000 | 246 109 149 149
231 200000 | 229 93 140 140
253 200000 | 250 100 156 156
241 200000 | 236 92 154 154
250 200000 | 248 101 151 151
231 200000 | 229 104 129 129
274 200000 | 268 113 167 167
247 200000 | 245 88 161 161
226 200000 | 223 84 145 145
238 200000 | 233 83 160 160
241 200000 | 237 97 148 148
252 200000 | 245 115 144 144
235 200000 | 230 92 148 148
257 200000 | 250 100 164 164
244 200000 | 238 105 145 145
265 200000 | 258 91 181 181
248 200000 | 243 109 144 144
279 200000 | 273 105 180 180
252 200000 | 248 88 168 168
224 200000 | 217 83 148 148
251 200000 | 244 107 151 151
267 200000 | 260 96 178 178
240 200000 | 236 96 148 148
235 200000 | 227 106 137 137
227 200000 | 221 88 145 145
264 200000 | 264 96 168 168
238 200000 | 232 86 158 158
236 200000 | 231 100 141 141
230 200000 | 226 92 142 142
260 200000 | 254 109 157 157
223 200000 | 222 91 133 133
236 200000 | 229 101 142 142
228 200000 | 219 81 156 156
267 200000 | 264 104 166 166
272 200000 | 270 104 170 170
241 200000 | 235 97 150 150
245 200000 | 241 94 155 155
270 200000 | 267 102 171 171
293 200000 | 289 118 179 179
266 200000 | 258 111 163 163
243 200000 | 238 100 148 148
234 200000 | 232 90 146 146
244 200000 | 237 110 141 141
273 200000 | 265 112 169 169
250 200000 | 247 89 164 164
285 200000 | 282 114 174 174
268 200000 | 263 97 176 176
241 200000 | 236 109 137 137
272 200000 | 269 106 169 169
269 200000 | 264 108 166 166
266 200000 | 261 108 163 163
254 200000 | 249 94 165 165
270 200000 | 265 124 151 151
231 200000 | 229 91 142 142
259 200000 | 252 116 150 150
243 200000 | 239 103 144 144
260 200000 | 253 99 168 168
246 200000 | 236 105 151 151
267 200000 | 260 104 170 170
278 200000 | 274 116 166 166
243 200000 | 237 91 158 158
222 200000 | 219 75 150 150
271 200000 | 267 105 170 170
241 200000 | 240 88 154 154
247 200000 | 242 102 150 150
247 200000 | 244 95 155 155
234 200000 | 229 96 143 143
244 200000 | 238 90 160 160
276 200000 | 273 117 162 162
272 200000 | 267 104 173 173
264 200000 | 258 105 165 165
220 200000 | 215 91 134 134
247 200000 | 242 97 155 155
260 200000 | 254 98 168 168
212 200000 | 207 90 127 127
251 200000 | 248 112 142 142
229 200000 | 227 86 145 145
241 200000 | 236 80 166 166
266 200000 | 256 111 165 165
291 200000 | 282 113 187 187
260 200000 | 257 107 156 156
261 200000 | 258 95 169 169
268 200000 | 264 117 155 155
269 200000 | 264 114 160 160
267 200000 | 263 100 171 171
229 200000 | 226 92 140 140
258 200000 | 250 100 166 166
261 200000 | 258 100 164 164
265 200000 | 257 98 175 175
249 200000 | 246 106 146 146
239 200000 | 236 82 160 160
235 200000 | 232 91 147 147
258 200000 | 254 104 158 158
240 200000 | 237 89 154 154
243 200000 | 240 87 159 159
251 200000 | 248 93 161 161
253 200000 | 250 91 165 165
258 200000 | 252 103 161 161
251 200000 | 249 106 147 147
266 200000 | 257 96 179 179
244 200000 | 240 93 155 155
235 200000 | 228 92 150 150
254 200000 | 251 77 180 180
264 200000 | 261 102 165 165
242 200000 | 237 100 147 147
260 200000 | 253 104 163 163
244 200000 | 242 87 159 159
232 200000 | 223 96 145 145
255 200000 | 248 92 170 170
255 200000 | 246 104 160 160
235 200000 | 231 98 141 141
254 200000 | 246 96 166 166
249 200000 | 244 93 161 161
263 200000 | 262 117 147 147
252 200000 | 245 95 164 164
219 200000 | 211 96 131 131
249 200000 | 243 100 155 155
265 200000 | 262 94 174 174
244 200000 | 242 99 147 147
260 200000 | 252 113 155 155
258 200000 | 250 110 156 156
250 200000 | 245 105 150 150
278 200000 | 271 119 166 166
276 200000 | 267 128 157 157
234 200000 | 231 94 143 143
263 200000 | 254 122 150 150
248 200000 | 241 100 155 155
244 200000 | 239 100 149 149
247 200000 | 244 114 136 136
254 200000 | 252 109 147 147
251 200000 | 244 106 152 152
261 200000 | 256 109 157 157
252 200000 | 245 97 162 162
264 200000 | 258 92 178 178
263 200000 | 259 98 169 169
248 200000 | 243 95 158 158
262 200000 | 259 99 166 166
257 200000 | 253 98 163 163
256 200000 | 249 105 158 158
248 200000 | 244 87 165 165
250 200000 | 243 98 159 159
238 200000 | 235 91 150 150
220 200000 | 217 86 137 137
241 200000 | 240 101 141 141
259 200000 | 254 109 155 155
250 200000 | 247 99 154 154
267 200000 | 263 113 158 158
248 200000 | 242 115 139 139
257 200000 | 253 106 155 155
260 200000 | 258 110 152 152
217 200000 | 215 92 127 127
258 200000 | 251 118 147 147
265 200000 | 264 108 158 158
243 200000 | 238 99 149 149
266 200000 | 260 112 160 160
265 200000 | 257 110 163 163
231 200000 | 229 88 145 145
244 200000 | 239 89 160 160
271 200000 | 269 113 160 160
255 200000 | 252 104 154 154
254 200000 | 248 106 154 154
246 200000 | 242 109 141 141
247 200000 | 245 84 165 165
276 200000 | 264 108 180 180
272 200000 | 269 120 155 155
262 200000 | 259 107 158 158
235 200000 | 233 89 148 148
250 200000 | 248 87 165 165
228 200000 | 223 111 122 122
269 200000 | 265 88 185 185
270 200000 | 263 98 179 179
276 200000 | 269 113 170 170
256 200000 | 251 106 155 155
261 200000 | 253 120 149 149
264 200000 | 261 101 166 166
245 200000 | 239 103 148 148
244 200000 | 239 96 153 153
253 200000 | 252 99 155 155
266 200000 | 263 96 173 173
238 200000 | 233 102 141 141
259 200000 | 252 103 163 163
253 200000 | 245 103 158 158
256 200000 | 251 111 150 150
245 200000 | 240 95 155 155
247 200000 | 245 90 159 159
247 200000 | 242 96 156 156
226 200000 | 220 90 142 142
247 200000 | 245 105 144 144
257 200000 | 254 95 165 165
234 200000 | 231 96 141 141
238 200000 | 235 88 153 153
270 200000 | 262 126 152 152
292 200000 | 284 103 197 197
258 200000 | 252 103 161 161
237 200000 | 232 93 149 149
260 200000 | 253 97 170 170
249 200000 | 245 98 155 155
256 200000 | 248 104 160 160
