30370 40586 | 20273 20286 20181 20181
30605 40586 | 20494 20394 20322 20322
30315 40586 | 20311 20269 20050 20050
30298 40586 | 20255 20241 20100 20100
30484 40586 | 20265 20357 20346 20346
30392 40586 | 20256 20308 20220 20220
32457 43024 | 21538 21647 21729 21729
32410 43024 | 21634 21630 21556 21556
32326 43024 | 21591 21402 21659 21659
32249 43024 | 21361 21654 21483 21483
32322 43024 | 21705 21340 21599 21599
30402 40630 | 20180 20313 20311 20311
30400 40630 | 20232 20313 20255 20255
30451 40630 | 20109 20479 20314 20314
30490 40630 | 20270 20222 20488 20488
30497 40630 | 20253 20380 20361 20361
30445 40630 | 20237 20298 20355 20355
