551 200000 | 401 341 360 360
553 200000 | 378 342 386 386
563 200000 | 400 344 382 382
560 200000 | 380 345 395 395
566 200000 | 392 336 404 404
589 200000 | 411 356 411 411
573 200000 | 393 346 407 407
601 200000 | 407 372 423 423
573 200000 | 402 361 383 383
537 200000 | 360 339 375 375
532 200000 | 389 306 369 369
553 200000 | 394 326 386 386
568 200000 | 373 356 407 407
582 200000 | 416 352 396 396
562 200000 | 394 330 400 400
548 200000 | 392 320 384 384
538 200000 | 364 339 373 373
586 200000 | 409 357 406 406
560 200000 | 391 319 410 410
560 200000 | 399 320 401 401
576 200000 | 413 339 400 400
517 200000 | 354 322 358 358
554 200000 | 390 330 388 388
571 200000 | 415 336 391 391
536 200000 | 377 313 382 382
537 200000 | 371 322 381 381
547 200000 | 374 333 387 387
560 200000 | 373 336 411 411
557 200000 | 394 322 398 398
571 200000 | 403 343 396 396
561 200000 | 388 337 397 397
578 200000 | 380 360 416 416
523 200000 | 377 308 361 361
515 200000 | 344 339 347 347
561 200000 | 399 336 387 387
579 200000 | 413 317 428 428
582 200000 | 411 343 410 410
542 200000 | 376 323 385 385
578 200000 | 399 356 401 401
537 200000 | 362 328 384 384
563 200000 | 394 347 385 385
557 200000 | 398 327 389 389
561 200000 | 394 340 388 388
561 200000 | 393 341 388 388
579 200000 | 416 356 386 386
556 200000 | 400 321 391 391
551 200000 | 387 335 380 380
545 200000 | 384 323 383 383
594 200000 | 384 357 447 447
521 200000 | 368 319 355 355
547 200000 | 375 347 372 372
602 200000 | 423 357 424 424
539 200000 | 374 331 373 373
546 200000 | 368 342 382 382
530 200000 | 375 321 364 364
572 200000 | 411 341 392 392
540 200000 | 380 307 393 393
558 200000 | 397 338 381 381
584 200000 | 416 344 408 408
546 200000 | 390 323 379 379
