83 300000 | 32 64 70 70
74 300000 | 35 52 61 61
105 300000 | 46 71 93 93
88 300000 | 39 59 78 78
103 300000 | 55 68 83 83
81 300000 | 42 55 65 65
100 300000 | 44 75 81 81
81 300000 | 42 54 66 66
96 300000 | 45 70 77 77
85 300000 | 44 50 76 76
95 300000 | 47 64 79 79
79 300000 | 41 47 70 70
79 300000 | 37 56 65 65
98 300000 | 46 66 84 84
75 300000 | 44 48 58 58
85 300000 | 38 58 74 74
94 300000 | 51 55 82 82
88 300000 | 47 63 66 66
111 300000 | 57 70 95 95
76 300000 | 39 54 59 59
67 300000 | 34 45 55 55
82 300000 | 38 64 62 62
91 300000 | 54 54 74 74
110 300000 | 53 74 93 93
85 300000 | 42 54 74 74
91 300000 | 51 51 80 80
94 300000 | 42 61 85 85
105 300000 | 48 71 91 91
94 300000 | 48 61 79 79
104 300000 | 50 69 89 89
91 300000 | 47 56 79 79
84 300000 | 40 56 72 72
85 300000 | 43 54 73 73
95 300000 | 50 59 81 81
86 300000 | 41 54 77 77
73 300000 | 38 49 59 59
88 300000 | 52 52 72 72
91 300000 | 45 64 73 73
102 300000 | 51 74 79 79
66 300000 | 36 42 54 54
75 300000 | 42 47 61 61
75 300000 | 34 55 61 61
112 300000 | 52 76 96 96
96 300000 | 46 61 85 85
101 300000 | 54 66 82 82
72 300000 | 37 52 55 55
80 300000 | 39 56 65 65
71 300000 | 37 42 63 63
85 300000 | 42 59 69 69
76 300000 | 43 49 60 60
84 300000 | 44 52 72 72
90 300000 | 43 60 77 77
83 300000 | 47 50 69 69
69 300000 | 30 52 56 56
72 300000 | 43 43 58 58
77 300000 | 36 56 62 62
79 300000 | 31 60 67 67
83 300000 | 34 66 66 66
