552 200000 | 544 548 12 12
578 200000 | 568 572 16 16
562 200000 | 553 546 25 25
523 200000 | 512 517 17 17
564 200000 | 553 556 19 19
564 200000 | 558 553 17 17
589 200000 | 580 575 23 23
574 200000 | 565 558 25 25
565 200000 | 559 547 24 24
566 200000 | 561 553 18 18
542 200000 | 529 527 28 28
558 200000 | 545 538 33 33
576 200000 | 568 566 18 18
607 200000 | 596 593 25 25
584 200000 | 575 571 22 22
562 200000 | 554 554 16 16
566 200000 | 559 550 23 23
563 200000 | 553 552 21 21
560 200000 | 551 549 20 20
553 200000 | 543 538 25 25
588 200000 | 581 576 19 19
603 200000 | 589 588 29 29
561 200000 | 543 548 31 31
585 200000 | 573 576 21 21
565 200000 | 550 555 25 25
570 200000 | 556 554 30 30
537 200000 | 526 524 24 24
539 200000 | 526 524 28 28
556 200000 | 542 545 25 25
557 200000 | 540 549 25 25
557 200000 | 550 545 19 19
601 200000 | 588 594 20 20
585 200000 | 572 577 21 21
568 200000 | 563 555 18 18
558 200000 | 548 548 20 20
582 200000 | 572 569 23 23
541 200000 | 535 533 14 14
573 200000 | 561 561 24 24
580 200000 | 567 570 23 23
595 200000 | 588 584 18 18
585 200000 | 578 571 21 21
568 200000 | 558 554 24 24
583 200000 | 573 571 22 22
504 200000 | 494 491 23 23
552 200000 | 545 538 21 21
577 200000 | 565 563 26 26
547 200000 | 531 533 30 30
560 200000 | 549 548 23 23
555 200000 | 547 546 17 17
560 200000 | 548 544 28 28
547 200000 | 539 528 27 27
561 200000 | 550 551 21 21
536 200000 | 524 515 33 33
586 200000 | 576 574 22 22
566 200000 | 556 554 22 22
557 200000 | 551 543 20 20
540 200000 | 533 530 17 17
553 200000 | 549 538 19 19
562 200000 | 552 547 25 25
553 200000 | 542 536 28 28
571 200000 | 562 553 27 27
606 200000 | 591 591 30 30
562 200000 | 551 547 26 26
496 200000 | 491 489 12 12
576 200000 | 569 559 24 24
582 200000 | 568 569 27 27
538 200000 | 533 530 13 13
582 200000 | 572 571 21 21
576 200000 | 570 566 16 16
559 200000 | 551 552 15 15
579 200000 | 577 569 12 12
521 200000 | 514 511 17 17
580 200000 | 573 571 16 16
611 200000 | 602 596 24 24
560 200000 | 544 551 25 25
557 200000 | 542 540 32 32
563 200000 | 553 549 24 24
562 200000 | 550 546 28 28
570 200000 | 560 562 18 18
562 200000 | 552 551 21 21
581 200000 | 573 569 20 20
578 200000 | 567 563 26 26
549 200000 | 543 543 12 12
173 62360 | 172 170 4 4
176 62360 | 173 172 7 7
195 62360 | 193 193 4 4
173 62360 | 172 171 3 3
177 62360 | 176 176 2 2
185 62360 | 181 181 8 8
168 62360 | 165 162 9 9
197 62360 | 196 197 1 1
184 62360 | 181 179 8 8
166 62360 | 163 161 8 8
181 62360 | 177 177 8 8
177 62360 | 173 173 8 8
179 62360 | 174 172 12 12
161 62360 | 158 156 8 8
179 62360 | 176 175 7 7
167 62360 | 165 165 4 4
173 62360 | 171 172 3 3
158 62360 | 153 154 9 9
