679 200000 | 464 453 441 441
737 200000 | 473 516 485 485
715 200000 | 472 498 460 460
703 200000 | 469 464 473 473
734 200000 | 474 507 487 487
752 200000 | 492 516 496 496
700 200000 | 466 474 460 460
692 200000 | 442 478 464 464
698 200000 | 445 478 473 473
773 200000 | 510 516 520 520
753 200000 | 488 510 508 508
759 200000 | 497 516 505 505
723 200000 | 476 480 490 490
759 200000 | 502 515 501 501
767 200000 | 506 513 515 515
704 200000 | 481 471 456 456
744 200000 | 517 497 474 474
722 200000 | 469 491 484 484
720 200000 | 481 478 481 481
749 200000 | 489 507 502 502
700 200000 | 456 479 465 465
759 200000 | 522 467 529 529
720 200000 | 493 474 473 473
720 200000 | 476 487 477 477
684 200000 | 445 470 453 453
697 200000 | 484 467 443 443
662 200000 | 435 456 433 433
728 200000 | 490 489 477 477
727 200000 | 483 481 490 490
722 200000 | 484 472 488 488
726 200000 | 468 497 487 487
711 200000 | 494 484 444 444
697 200000 | 467 470 457 457
728 200000 | 486 489 481 481
740 200000 | 464 487 529 529
749 200000 | 517 503 478 478
710 200000 | 475 483 462 462
745 200000 | 495 508 487 487
723 200000 | 503 482 461 461
704 200000 | 440 483 485 485
759 200000 | 510 524 484 484
731 200000 | 480 492 490 490
698 200000 | 474 464 458 458
673 200000 | 443 463 440 440
731 200000 | 476 499 487 487
771 200000 | 533 508 501 501
724 200000 | 455 512 481 481
740 200000 | 467 498 515 515
764 200000 | 505 512 511 511
692 200000 | 444 462 478 478
670 200000 | 449 431 460 460
741 200000 | 485 509 488 488
723 200000 | 474 484 488 488
743 200000 | 497 480 509 509
744 200000 | 485 517 486 486
719 200000 | 493 486 459 459
703 200000 | 473 453 480 480
725 200000 | 489 474 487 487
698 200000 | 456 484 456 456
715 200000 | 483 468 479 479
741 200000 | 479 504 499 499
735 200000 | 504 467 499 499
693 200000 | 475 467 444 444
755 200000 | 526 502 482 482
712 200000 | 466 476 482 482
696 200000 | 456 455 481 481
755 200000 | 484 514 512 512
748 200000 | 496 511 489 489
716 200000 | 478 482 472 472
743 200000 | 484 504 498 498
