520 200000 | 352 343 345 345
577 200000 | 412 397 345 345
541 200000 | 379 391 312 312
594 200000 | 410 433 345 345
599 200000 | 431 417 350 350
585 200000 | 397 414 359 359
480 200000 | 342 335 283 283
582 200000 | 406 413 345 345
546 200000 | 370 406 316 316
504 200000 | 347 375 286 286
581 200000 | 421 411 330 330
538 200000 | 379 363 334 334
544 200000 | 398 376 314 314
580 200000 | 376 423 361 361
579 200000 | 408 395 355 355
552 200000 | 390 381 333 333
584 200000 | 429 400 339 339
545 200000 | 371 394 325 325
562 200000 | 393 398 333 333
550 200000 | 394 378 328 328
561 200000 | 386 400 336 336
522 200000 | 390 356 298 298
523 200000 | 374 345 327 327
584 200000 | 435 389 344 344
545 200000 | 392 380 318 318
560 200000 | 395 392 333 333
543 200000 | 368 396 322 322
573 200000 | 399 392 355 355
514 200000 | 360 375 293 293
