541 200000 | 255 535 292 292
524 200000 | 263 522 263 263
540 200000 | 307 533 240 240
573 200000 | 293 568 285 285
520 200000 | 262 515 263 263
558 200000 | 272 553 291 291
557 200000 | 272 545 297 297
568 200000 | 306 561 269 269
543 200000 | 284 535 267 267
529 200000 | 270 526 262 262
533 200000 | 266 519 281 281
549 200000 | 278 545 275 275
584 200000 | 280 580 308 308
540 200000 | 294 537 249 249
523 200000 | 249 514 283 283
564 200000 | 293 559 276 276
508 200000 | 273 505 238 238
567 200000 | 284 562 288 288
505 200000 | 266 499 245 245
566 200000 | 307 557 268 268
597 200000 | 298 591 305 305
496 200000 | 260 490 242 242
549 200000 | 266 543 289 289
583 200000 | 282 574 310 310
521 200000 | 244 514 284 284
568 200000 | 300 562 274 274
546 200000 | 260 541 291 291
551 200000 | 260 547 295 295
570 200000 | 281 560 299 299
568 200000 | 296 563 277 277
552 200000 | 283 546 275 275
548 200000 | 261 539 296 296
572 200000 | 276 564 304 304
535 200000 | 277 526 267 267
520 200000 | 264 516 260 260
528 200000 | 269 523 264 264
543 200000 | 261 538 287 287
569 200000 | 262 561 315 315
584 200000 | 294 578 296 296
535 200000 | 276 531 263 263
540 200000 | 274 539 267 267
506 200000 | 258 504 250 250
534 200000 | 280 527 261 261
547 200000 | 278 540 276 276
554 200000 | 292 543 273 273
549 200000 | 264 544 290 290
530 200000 | 282 523 255 255
562 200000 | 275 547 302 302
567 200000 | 293 555 286 286
555 200000 | 276 547 287 287
562 200000 | 271 553 300 300
560 200000 | 306 552 262 262
520 200000 | 266 515 259 259
550 200000 | 270 542 288 288
509 200000 | 263 505 250 250
527 200000 | 254 522 278 278
542 200000 | 268 539 277 277
515 200000 | 272 506 252 252
518 200000 | 246 515 275 275
514 200000 | 251 510 267 267
547 200000 | 272 534 288 288
605 200000 | 315 599 296 296
559 200000 | 290 555 273 273
556 200000 | 265 548 299 299
530 200000 | 253 527 280 280
544 200000 | 280 536 272 272
558 200000 | 286 550 280 280
545 200000 | 260 541 289 289
550 200000 | 269 543 288 288
554 200000 | 270 553 285 285
560 200000 | 279 556 285 285
518 200000 | 261 513 262 262
553 200000 | 267 546 293 293
548 200000 | 254 539 303 303
492 200000 | 249 485 250 250
568 200000 | 281 560 295 295
510 200000 | 259 503 258 258
564 200000 | 253 554 321 321
539 200000 | 269 529 280 280
562 200000 | 298 554 272 272
530 200000 | 273 522 265 265
510 200000 | 269 502 249 249
555 200000 | 260 549 301 301
497 200000 | 263 490 241 241
540 200000 | 279 537 264 264
547 200000 | 290 541 263 263
557 200000 | 288 554 272 272
520 200000 | 249 513 278 278
505 200000 | 239 501 270 270
598 200000 | 299 593 304 304
543 200000 | 275 536 275 275
549 200000 | 280 547 271 271
