31 200000 | 24 27 11 11
46 200000 | 38 44 10 10
39 200000 | 31 37 10 10
44 200000 | 37 44 7 7
40 200000 | 25 39 16 16
40 200000 | 29 40 11 11
48 200000 | 38 47 11 11
52 200000 | 47 49 8 8
46 200000 | 34 45 13 13
40 200000 | 33 39 8 8
54 200000 | 48 54 6 6
43 200000 | 34 41 11 11
41 200000 | 35 40 7 7
39 200000 | 32 35 11 11
50 200000 | 41 50 9 9
45 200000 | 37 42 11 11
49 200000 | 36 49 13 13
51 200000 | 42 50 10 10
52 200000 | 45 51 8 8
47 200000 | 39 46 9 9
36 200000 | 25 36 11 11
42 200000 | 31 38 15 15
52 200000 | 42 51 11 11
43 200000 | 35 43 8 8
33 200000 | 26 33 7 7
43 200000 | 35 42 9 9
47 200000 | 40 46 8 8
46 200000 | 41 43 8 8
50 200000 | 43 48 9 9
39 200000 | 28 36 14 14
51 200000 | 42 51 9 9
35 200000 | 26 34 10 10
48 200000 | 39 47 10 10
42 200000 | 32 42 10 10
48 200000 | 43 46 7 7
46 200000 | 40 45 7 7
45 200000 | 36 44 10 10
56 200000 | 42 55 15 15
34 200000 | 30 32 6 6
46 200000 | 39 46 7 7
40 200000 | 34 39 7 7
50 200000 | 40 48 12 12
32 200000 | 23 32 9 9
37 200000 | 27 36 11 11
49 200000 | 41 47 10 10
43 200000 | 35 41 10 10
45 200000 | 36 44 10 10
48 200000 | 37 47 12 12
40 200000 | 34 39 7 7
46 200000 | 44 43 5 5
59 200000 | 48 56 14 14
42 200000 | 36 41 7 7
40 200000 | 33 40 7 7
36 200000 | 31 33 8 8
44 200000 | 36 43 9 9
35 200000 | 31 33 6 6
47 200000 | 40 42 12 12
31 200000 | 24 31 7 7
58 200000 | 49 53 14 14
51 200000 | 41 50 11 11
35 200000 | 32 35 3 3
48 200000 | 41 46 9 9
33 200000 | 28 31 7 7
35 200000 | 28 35 7 7
51 200000 | 42 49 11 11
54 200000 | 46 52 10 10
42 200000 | 33 42 9 9
35 200000 | 31 33 6 6
31 200000 | 26 29 7 7
35 200000 | 30 34 6 6
43 200000 | 34 43 9 9
43 200000 | 37 40 9 9
48 200000 | 35 48 13 13
51 200000 | 41 49 12 12
38 200000 | 27 38 11 11
44 200000 | 34 42 12 12
51 200000 | 41 49 12 12
41 200000 | 31 40 11 11
43 200000 | 35 42 9 9
31 200000 | 25 30 7 7
47 200000 | 36 46 12 12
38 200000 | 36 34 6 6
35 200000 | 32 32 6 6
46 200000 | 36 44 12 12
38 200000 | 32 37 7 7
43 200000 | 39 42 5 5
36 200000 | 28 36 8 8
44 200000 | 36 41 11 11
50 200000 | 44 49 7 7
45 200000 | 37 44 9 9
34 200000 | 29 34 5 5
40 200000 | 33 39 8 8
60 200000 | 47 60 13 13
47 200000 | 35 46 13 13
47 200000 | 37 44 13 13
40 200000 | 37 40 3 3
47 200000 | 42 46 6 6
44 200000 | 39 41 8 8
37 200000 | 29 37 8 8
43 200000 | 35 41 10 10
44 200000 | 37 43 8 8
26 200000 | 21 24 7 7
48 200000 | 44 45 7 7
51 200000 | 36 51 15 15
50 200000 | 41 49 10 10
40 200000 | 32 36 12 12
43 200000 | 33 43 10 10
43 200000 | 33 43 10 10
42 200000 | 33 42 9 9
50 200000 | 35 49 16 16
41 200000 | 30 38 14 14
49 200000 | 42 49 7 7
51 200000 | 46 50 6 6
39 200000 | 24 38 16 16
53 200000 | 44 49 13 13
52 200000 | 43 48 13 13
56 200000 | 48 54 10 10
35 200000 | 30 34 6 6
35 200000 | 31 34 5 5
43 200000 | 36 42 8 8
56 200000 | 36 53 23 23
50 200000 | 37 48 15 15
38 200000 | 29 37 10 10
43 200000 | 39 40 7 7
41 200000 | 32 39 11 11
38 200000 | 29 38 9 9
41 200000 | 33 40 9 9
48 200000 | 43 44 9 9
28 200000 | 25 27 4 4
44 200000 | 40 41 7 7
43 200000 | 37 39 10 10
39 200000 | 31 35 12 12
56 200000 | 45 55 12 12
37 200000 | 32 36 6 6
44 200000 | 37 42 9 9
40 200000 | 32 40 8 8
42 200000 | 33 41 10 10
51 200000 | 36 49 17 17
30 200000 | 30 29 1 1
20 200000 | 14 20 6 6
