8 200000 | 8 2 6 6
4 200000 | 4 3 1 1
7 200000 | 7 1 6 6
6 200000 | 6 2 4 4
6 200000 | 6 2 4 4
9 200000 | 7 6 5 5
14 200000 | 12 7 9 9
11 200000 | 10 5 7 7
10 200000 | 10 0 10 10
9 200000 | 7 5 6 6
7 200000 | 7 2 5 5
5 200000 | 5 3 2 2
6 200000 | 5 2 5 5
8 200000 | 7 2 7 7
11 300000 | 9 5 8 8
9 300000 | 9 3 6 6
12 300000 | 12 2 10 10
10 272004 | 9 6 5 5
9 300000 | 9 4 5 5
9 300000 | 9 1 8 8
13 300000 | 13 5 8 8
15 300000 | 13 9 8 8
9 300000 | 9 3 6 6
7 272004 | 7 3 4 4
10 300000 | 10 3 7 7
7 300000 | 7 1 6 6
14 300000 | 14 8 6 6
15 300000 | 15 6 9 9
11 300000 | 11 3 8 8
19 300000 | 18 9 11 11
9 300000 | 8 5 5 5
13 272004 | 12 4 10 10
12 300000 | 11 5 8 8
11 300000 | 9 4 9 9
8 300000 | 7 4 5 5
15 300000 | 14 9 7 7
15 300000 | 14 7 9 9
7 300000 | 7 4 3 3
10 300000 | 10 4 6 6
12 272004 | 12 7 5 5
13 300000 | 13 6 7 7
14 300000 | 13 7 8 8
21 300000 | 21 7 14 14
9 300000 | 9 1 8 8
17 300000 | 17 6 11 11
12 300000 | 12 5 7 7
14 300000 | 12 8 8 8
10 272004 | 10 4 6 6
8 300000 | 8 1 7 7
20 300000 | 20 8 12 12
8 300000 | 8 3 5 5
11 300000 | 11 4 7 7
10 300000 | 9 6 5 5
18 300000 | 18 8 10 10
7 300000 | 7 0 7 7
15 272004 | 14 5 11 11
12 300000 | 11 5 8 8
10 300000 | 10 4 6 6
13 300000 | 12 3 11 11
9 300000 | 9 1 8 8
5 272004 | 5 0 5 5
13 300000 | 12 5 9 9
11 300000 | 11 2 9 9
11 300000 | 10 5 7 7
10 300000 | 10 6 4 4
11 300000 | 11 3 8 8
12 300000 | 12 5 7 7
13 272004 | 13 4 9 9
13 300000 | 13 3 10 10
12 300000 | 11 6 7 7
13 300000 | 13 5 8 8
11 300000 | 11 4 7 7
5 200000 | 4 1 5 5
11 200000 | 11 5 6 6
10 200000 | 10 4 6 6
10 200000 | 8 4 8 8
14 200000 | 12 6 10 10
8 200000 | 8 6 2 2
9 200000 | 9 6 3 3
6 200000 | 6 4 2 2
14 200000 | 14 4 10 10
8 200000 | 8 4 4 4
4 200000 | 4 1 3 3
6 200000 | 6 1 5 5
7 200000 | 5 4 5 5
6 200000 | 6 3 3 3
8 200000 | 8 2 6 6
5 200000 | 5 3 2 2
