1027 200000 | 1008 991 55 55
1076 200000 | 1061 1043 48 48
1138 200000 | 1124 1107 45 45
1108 200000 | 1084 1088 44 44
1088 200000 | 1072 1066 38 38
1148 200000 | 1128 1114 54 54
1085 200000 | 1070 1064 36 36
1112 200000 | 1098 1081 45 45
1125 200000 | 1097 1089 64 64
1158 200000 | 1135 1129 52 52
1112 200000 | 1089 1088 47 47
1143 200000 | 1127 1109 50 50
1110 200000 | 1089 1082 49 49
1068 200000 | 1044 1044 48 48
1093 200000 | 1077 1069 40 40
1123 200000 | 1110 1094 42 42
1211 200000 | 1191 1186 45 45
1142 200000 | 1124 1116 44 44
1073 200000 | 1062 1044 40 40
1115 200000 | 1104 1092 34 34
1100 200000 | 1088 1071 41 41
1096 200000 | 1082 1068 42 42
1122 200000 | 1107 1090 47 47
1164 200000 | 1141 1144 43 43
1130 200000 | 1113 1107 40 40
1120 200000 | 1104 1092 44 44
1145 200000 | 1128 1124 38 38
1111 200000 | 1095 1084 43 43
1060 200000 | 1037 1030 53 53
1161 200000 | 1147 1129 46 46
1117 200000 | 1093 1097 44 44
1046 200000 | 1025 1027 40 40
1078 200000 | 1057 1055 44 44
1173 200000 | 1156 1144 46 46
1079 200000 | 1064 1053 41 41
1134 200000 | 1112 1107 49 49
1204 200000 | 1189 1169 50 50
1108 200000 | 1093 1085 38 38
1140 200000 | 1124 1110 46 46
1070 200000 | 1051 1044 45 45
1152 200000 | 1135 1118 51 51
1104 200000 | 1088 1076 44 44
1159 200000 | 1141 1134 43 43
1044 200000 | 1033 1015 40 40
1098 200000 | 1081 1066 49 49
