586 200000 | 297 450 425 425
567 200000 | 301 427 406 406
624 200000 | 333 456 459 459
569 200000 | 289 448 401 401
576 200000 | 297 450 405 405
540 200000 | 288 420 372 372
570 200000 | 292 436 412 412
564 200000 | 289 437 402 402
575 200000 | 314 427 409 409
563 200000 | 300 424 402 402
567 200000 | 303 425 406 406
585 200000 | 317 447 406 406
556 200000 | 290 421 401 401
595 200000 | 298 465 427 427
557 200000 | 289 419 406 406
566 200000 | 309 422 401 401
584 200000 | 310 460 398 398
551 200000 | 290 440 372 372
620 200000 | 308 475 457 457
598 200000 | 330 447 419 419
587 200000 | 310 463 401 401
572 200000 | 301 439 404 404
578 200000 | 305 431 420 420
562 200000 | 284 431 409 409
578 200000 | 316 449 391 391
628 200000 | 332 473 451 451
583 200000 | 307 441 418 418
586 200000 | 326 433 413 413
579 200000 | 281 458 419 419
562 200000 | 296 427 401 401
609 200000 | 309 473 436 436
574 200000 | 297 435 416 416
576 200000 | 303 433 416 416
606 200000 | 307 457 448 448
558 200000 | 310 426 380 380
588 200000 | 295 464 417 417
587 200000 | 306 449 419 419
606 200000 | 325 472 415 415
545 200000 | 279 413 398 398
569 200000 | 308 425 405 405
