613 200000 | 581 354 291 291
582 200000 | 545 371 248 248
577 200000 | 545 358 251 251
581 200000 | 553 348 261 261
604 200000 | 561 376 271 271
562 200000 | 523 329 272 272
563 200000 | 535 333 258 258
569 200000 | 534 371 233 233
574 200000 | 539 354 255 255
578 200000 | 542 342 272 272
571 200000 | 536 338 268 268
618 200000 | 576 365 295 295
569 200000 | 537 338 263 263
556 200000 | 520 337 255 255
601 200000 | 568 361 273 273
594 200000 | 548 375 265 265
598 200000 | 567 351 278 278
573 200000 | 536 348 262 262
586 200000 | 550 365 257 257
550 200000 | 520 312 268 268
542 200000 | 514 324 246 246
567 200000 | 539 342 253 253
594 200000 | 566 322 300 300
544 200000 | 511 291 286 286
562 200000 | 527 339 258 258
621 200000 | 592 375 275 275
584 200000 | 550 345 273 273
577 200000 | 539 357 258 258
605 200000 | 575 357 278 278
608 200000 | 569 359 288 288
662 200000 | 602 407 315 315
585 200000 | 547 358 265 265
562 200000 | 524 352 248 248
589 200000 | 556 345 277 277
566 200000 | 538 338 256 256
576 200000 | 538 367 247 247
585 200000 | 554 357 259 259
562 200000 | 532 330 262 262
578 200000 | 543 330 283 283
598 200000 | 558 364 274 274
542 200000 | 505 327 252 252
581 200000 | 539 383 240 240
552 200000 | 525 314 265 265
603 200000 | 568 367 271 271
592 200000 | 549 358 277 277
618 200000 | 576 379 281 281
590 200000 | 537 364 279 279
549 200000 | 505 340 253 253
639 200000 | 592 370 316 316
580 200000 | 538 366 256 256
631 200000 | 590 386 286 286
597 200000 | 557 361 276 276
561 200000 | 529 360 233 233
596 200000 | 560 369 263 263
577 200000 | 545 354 255 255
587 200000 | 554 376 244 244
615 200000 | 574 407 249 249
578 200000 | 534 358 264 264
585 200000 | 548 327 295 295
590 200000 | 560 349 271 271
568 200000 | 544 341 251 251
584 200000 | 550 362 256 256
588 200000 | 539 364 273 273
615 200000 | 586 369 275 275
581 200000 | 543 356 263 263
592 200000 | 550 360 274 274
616 200000 | 582 392 258 258
622 200000 | 577 386 281 281
576 200000 | 547 355 250 250
584 200000 | 537 350 281 281
589 200000 | 548 335 295 295
545 200000 | 512 341 237 237
633 200000 | 594 363 309 309
602 200000 | 569 371 264 264
601 200000 | 557 354 291 291
569 200000 | 538 342 258 258
575 200000 | 541 347 262 262
610 200000 | 581 371 268 268
619 200000 | 588 356 294 294
609 200000 | 569 362 287 287
577 200000 | 545 337 272 272
582 200000 | 539 343 282 282
581 200000 | 548 352 262 262
631 200000 | 603 363 296 296
584 200000 | 546 350 272 272
552 200000 | 515 320 269 269
