8 200000 | 5 7 4 4
7 200000 | 4 7 3 3
4 200000 | 3 4 1 1
6 200000 | 4 6 2 2
3 200000 | 3 3 0 0
4 200000 | 1 4 3 3
6 200000 | 3 6 3 3
3 200000 | 1 3 2 2
5 200000 | 3 5 2 2
3 200000 | 2 3 1 1
5 200000 | 4 5 1 1
0 200000 | 0 0 0 0
3 200000 | 2 3 1 1
5 200000 | 3 5 2 2
4 200000 | 3 4 1 1
4 200000 | 3 3 2 2
3 139728 | 0 3 3 3
5 139728 | 4 5 1 1
4 139728 | 3 4 1 1
2 139728 | 1 2 1 1
4 139728 | 4 4 0 0
3 139728 | 2 3 1 1
4 200000 | 3 4 1 1
4 200000 | 4 4 0 0
8 200000 | 1 8 7 7
3 200000 | 0 3 3 3
6 200000 | 6 6 0 0
1 200000 | 0 1 1 1
4 200000 | 2 4 2 2
5 200000 | 5 3 2 2
3 200000 | 2 3 1 1
1 200000 | 1 1 0 0
2 200000 | 2 2 0 0
7 200000 | 2 7 5 5
8 200000 | 5 8 3 3
3 200000 | 2 3 1 1
2 200000 | 1 2 1 1
3 200000 | 1 3 2 2
