536 200000 | 290 532 250 250
545 200000 | 291 541 258 258
544 200000 | 282 538 268 268
553 200000 | 274 543 289 289
523 200000 | 271 518 257 257
500 200000 | 245 491 264 264
562 200000 | 275 558 291 291
555 200000 | 284 552 274 274
558 200000 | 286 553 277 277
538 200000 | 278 531 267 267
526 200000 | 256 521 275 275
520 200000 | 273 517 250 250
540 200000 | 284 534 262 262
552 200000 | 280 548 276 276
553 200000 | 285 543 278 278
526 200000 | 270 520 262 262
555 200000 | 301 552 257 257
545 200000 | 268 539 283 283
523 200000 | 253 516 277 277
490 200000 | 228 487 265 265
540 200000 | 282 532 266 266
557 200000 | 285 551 278 278
474 200000 | 239 470 239 239
493 200000 | 252 490 244 244
523 200000 | 262 522 262 262
505 200000 | 248 498 264 264
532 200000 | 277 527 260 260
555 200000 | 292 548 270 270
532 200000 | 260 523 281 281
530 200000 | 275 523 262 262
576 200000 | 312 570 270 270
521 200000 | 257 519 266 266
579 200000 | 281 574 303 303
550 200000 | 264 544 292 292
560 200000 | 298 549 273 273
516 200000 | 249 511 272 272
514 200000 | 257 511 260 260
524 200000 | 258 520 270 270
486 200000 | 236 481 255 255
552 200000 | 285 543 276 276
526 200000 | 260 521 271 271
523 200000 | 270 520 256 256
533 200000 | 296 523 247 247
536 200000 | 253 528 291 291
584 200000 | 295 576 297 297
553 200000 | 278 549 279 279
512 200000 | 240 506 278 278
515 200000 | 243 511 276 276
552 200000 | 281 545 278 278
550 200000 | 267 542 291 291
566 200000 | 285 563 284 284
485 200000 | 266 480 224 224
558 200000 | 275 552 289 289
540 200000 | 285 530 265 265
575 200000 | 284 568 298 298
554 200000 | 283 547 278 278
566 200000 | 306 559 267 267
539 200000 | 290 535 253 253
530 200000 | 279 523 258 258
530 200000 | 269 526 265 265
548 200000 | 284 543 269 269
570 200000 | 289 565 286 286
533 200000 | 259 527 280 280
576 200000 | 299 568 285 285
518 200000 | 241 515 280 280
554 200000 | 284 546 278 278
511 200000 | 271 505 246 246
593 200000 | 290 589 307 307
535 200000 | 282 531 257 257
555 200000 | 290 548 272 272
528 200000 | 265 523 268 268
550 200000 | 279 543 278 278
537 200000 | 275 534 265 265
572 200000 | 296 569 279 279
537 200000 | 273 531 270 270
545 200000 | 281 538 271 271
529 200000 | 271 518 269 269
521 200000 | 262 517 263 263
531 200000 | 264 527 271 271
529 200000 | 253 526 279 279
583 200000 | 287 576 303 303
496 200000 | 271 490 231 231
584 200000 | 280 579 309 309
536 200000 | 266 530 276 276
514 200000 | 240 507 281 281
518 200000 | 283 512 241 241
535 200000 | 282 524 264 264
544 200000 | 262 536 290 290
548 200000 | 280 543 273 273
543 200000 | 256 536 294 294
564 200000 | 277 560 291 291
537 200000 | 280 532 262 262
539 200000 | 297 531 250 250
