130 200000 | 58 103 99 99
118 200000 | 58 92 86 86
115 200000 | 64 87 79 79
107 200000 | 55 87 72 72
109 200000 | 58 81 79 79
113 200000 | 56 83 87 87
99 200000 | 53 71 74 74
123 200000 | 63 93 90 90
120 200000 | 58 88 94 94
118 200000 | 62 85 89 89
152 200000 | 72 117 115 115
106 200000 | 55 83 74 74
127 200000 | 67 98 89 89
134 200000 | 69 107 92 92
134 200000 | 67 99 102 102
126 200000 | 65 90 97 97
146 200000 | 76 111 105 105
116 200000 | 66 85 81 81
101 200000 | 53 78 71 71
113 200000 | 58 80 88 88
137 200000 | 70 103 101 101
127 200000 | 66 98 90 90
105 200000 | 49 81 80 80
116 200000 | 56 85 91 91
114 200000 | 58 84 86 86
124 200000 | 69 93 86 86
126 200000 | 71 82 99 99
127 200000 | 60 99 95 95
142 200000 | 82 98 104 104
111 200000 | 54 87 81 81
122 200000 | 62 94 88 88
123 200000 | 61 91 94 94
112 200000 | 53 81 90 90
119 200000 | 65 84 89 89
97 200000 | 48 75 71 71
125 200000 | 53 100 97 97
118 200000 | 63 75 98 98
112 200000 | 62 86 76 76
122 200000 | 64 88 92 92
142 200000 | 76 97 111 111
131 200000 | 66 102 94 94
135 200000 | 60 105 105 105
110 200000 | 56 75 89 89
121 200000 | 67 82 93 93
147 200000 | 80 106 108 108
116 200000 | 59 88 85 85
122 200000 | 67 89 88 88
116 200000 | 54 88 90 90
118 200000 | 56 86 94 94
106 200000 | 58 77 77 77
117 200000 | 56 92 86 86
95 200000 | 53 74 63 63
128 200000 | 68 91 97 97
111 200000 | 57 81 84 84
124 200000 | 58 89 101 101
95 200000 | 49 64 77 77
145 200000 | 77 100 113 113
102 200000 | 59 76 69 69
135 200000 | 67 99 104 104
125 200000 | 62 90 98 98
126 200000 | 62 95 95 95
113 200000 | 57 87 82 82
134 200000 | 75 95 98 98
101 200000 | 47 73 82 82
99 200000 | 49 70 79 79
110 200000 | 59 78 83 83
113 200000 | 61 88 77 77
126 200000 | 80 90 82 82
104 200000 | 56 76 76 76
136 200000 | 74 102 96 96
129 200000 | 72 94 92 92
107 200000 | 57 81 76 76
128 200000 | 61 98 97 97
124 200000 | 53 93 102 102
111 200000 | 49 87 86 86
113 200000 | 54 91 81 81
116 200000 | 63 84 85 85
119 200000 | 57 86 95 95
119 200000 | 60 88 90 90
116 200000 | 59 87 86 86
120 200000 | 63 89 88 88
109 200000 | 55 86 77 77
112 200000 | 60 82 82 82
125 200000 | 69 95 86 86
99 200000 | 57 73 68 68
112 200000 | 55 84 85 85
108 200000 | 58 86 72 72
129 200000 | 61 107 90 90
