695 200000 | 522 340 528 528
692 200000 | 523 350 511 511
692 200000 | 519 335 530 530
648 200000 | 490 313 493 493
664 200000 | 497 338 493 493
694 200000 | 506 364 518 518
614 200000 | 463 282 483 483
650 200000 | 494 333 473 473
638 200000 | 490 309 477 477
670 200000 | 541 313 486 486
697 200000 | 507 380 507 507
598 200000 | 436 303 457 457
685 200000 | 513 356 501 501
674 200000 | 494 346 508 508
677 200000 | 503 349 502 502
623 200000 | 466 303 477 477
673 200000 | 501 328 517 517
717 200000 | 542 366 526 526
734 200000 | 553 383 532 532
649 200000 | 490 339 469 469
617 200000 | 462 298 474 474
682 200000 | 504 346 514 514
683 200000 | 519 345 502 502
654 200000 | 503 319 486 486
735 200000 | 572 358 540 540
671 200000 | 497 347 498 498
637 200000 | 484 303 487 487
669 200000 | 506 353 479 479
627 200000 | 458 307 489 489
689 200000 | 523 334 521 521
612 200000 | 440 322 462 462
686 200000 | 509 354 509 509
657 200000 | 493 337 484 484
683 200000 | 509 338 519 519
682 200000 | 529 350 485 485
694 200000 | 531 344 513 513
704 200000 | 522 351 535 535
698 200000 | 512 348 536 536
659 200000 | 493 320 505 505
684 200000 | 484 359 525 525
717 200000 | 537 360 537 537
692 200000 | 501 349 534 534
694 200000 | 538 363 487 487
672 200000 | 503 338 503 503
668 200000 | 510 318 508 508
633 200000 | 470 308 488 488
678 200000 | 517 334 505 505
682 200000 | 499 345 520 520
686 200000 | 512 341 519 519
685 200000 | 517 344 509 509
659 200000 | 512 315 491 491
633 200000 | 471 310 485 485
699 200000 | 525 352 521 521
733 200000 | 552 384 530 530
685 200000 | 516 345 509 509
695 200000 | 536 336 518 518
643 200000 | 486 308 492 492
662 200000 | 484 334 506 506
680 200000 | 521 343 496 496
665 200000 | 498 320 512 512
723 200000 | 535 360 551 551
672 200000 | 494 341 509 509
639 200000 | 473 330 475 475
662 200000 | 478 349 497 497
641 200000 | 474 350 458 458
685 200000 | 528 349 493 493
687 200000 | 521 365 488 488
693 200000 | 511 370 505 505
693 200000 | 490 378 518 518
706 200000 | 529 340 543 543
691 200000 | 534 356 492 492
705 200000 | 531 371 508 508
694 200000 | 532 344 512 512
721 200000 | 541 386 515 515
655 200000 | 479 350 481 481
