239 200000 | 147 169 162 162
199 200000 | 130 142 126 126
219 200000 | 124 152 162 162
206 200000 | 129 142 141 141
224 200000 | 129 159 160 160
213 200000 | 131 146 149 149
207 200000 | 124 144 146 146
220 200000 | 134 146 160 160
214 200000 | 128 151 149 149
217 200000 | 130 152 152 152
197 200000 | 117 150 127 127
200 200000 | 114 143 143 143
199 200000 | 119 146 133 133
215 200000 | 130 149 151 151
219 200000 | 141 156 141 141
206 200000 | 123 146 143 143
211 200000 | 122 157 143 143
191 200000 | 110 134 138 138
221 200000 | 148 146 148 148
201 200000 | 126 140 136 136
235 200000 | 136 165 169 169
211 200000 | 127 149 146 146
