484 200000 | 449 214 305 305
466 200000 | 426 215 291 291
480 200000 | 451 208 301 301
501 200000 | 477 228 297 297
494 200000 | 471 225 292 292
482 200000 | 457 215 292 292
449 200000 | 413 203 282 282
465 200000 | 446 186 298 298
487 200000 | 461 228 285 285
448 200000 | 424 205 267 267
474 200000 | 438 227 283 283
413 200000 | 389 210 227 227
439 200000 | 411 207 260 260
480 200000 | 454 225 281 281
475 200000 | 452 196 302 302
471 200000 | 441 218 283 283
507 200000 | 477 234 303 303
492 200000 | 456 230 298 298
451 200000 | 426 212 264 264
407 200000 | 385 199 230 230
496 200000 | 470 209 313 313
439 200000 | 411 188 279 279
435 200000 | 415 207 248 248
463 200000 | 437 200 289 289
438 200000 | 408 198 270 270
469 200000 | 444 215 279 279
489 200000 | 460 219 299 299
474 200000 | 451 207 290 290
455 200000 | 427 219 264 264
507 200000 | 476 233 305 305
466 200000 | 434 213 285 285
465 200000 | 432 207 291 291
446 200000 | 422 185 285 285
457 200000 | 425 213 276 276
492 200000 | 456 239 289 289
503 200000 | 475 238 293 293
455 200000 | 435 219 256 256
431 200000 | 396 188 278 278
437 200000 | 403 209 262 262
464 200000 | 429 219 280 280
463 200000 | 440 206 280 280
414 200000 | 394 179 255 255
520 200000 | 497 252 291 291
493 200000 | 465 206 315 315
483 200000 | 441 243 282 282
447 200000 | 418 208 268 268
480 200000 | 455 215 290 290
472 200000 | 438 215 291 291
494 200000 | 471 213 304 304
485 200000 | 455 224 291 291
462 200000 | 428 222 274 274
482 200000 | 457 220 287 287
460 200000 | 434 203 283 283
409 200000 | 386 175 257 257
477 200000 | 450 236 268 268
431 200000 | 411 199 252 252
450 200000 | 417 209 274 274
463 200000 | 435 227 264 264
470 200000 | 442 201 297 297
467 200000 | 434 200 300 300
471 200000 | 444 201 297 297
435 200000 | 416 186 268 268
451 200000 | 424 210 268 268
497 200000 | 468 230 296 296
419 200000 | 401 178 259 259
464 200000 | 434 206 288 288
485 200000 | 457 233 280 280
453 200000 | 428 201 277 277
495 200000 | 458 214 318 318
452 200000 | 424 211 269 269
451 200000 | 422 198 282 282
488 200000 | 462 227 287 287
449 200000 | 417 211 270 270
479 200000 | 454 210 294 294
449 200000 | 429 192 277 277
478 200000 | 454 210 292 292
466 200000 | 440 213 279 279
463 200000 | 436 189 301 301
461 200000 | 432 221 269 269
435 200000 | 407 199 264 264
491 200000 | 469 229 284 284
461 200000 | 425 214 283 283
432 200000 | 402 187 275 275
473 200000 | 448 218 280 280
493 200000 | 466 222 298 298
475 200000 | 445 214 291 291
468 200000 | 439 212 285 285
460 200000 | 433 208 279 279
