555 200000 | 548 290 272 272
503 200000 | 490 266 250 250
504 200000 | 502 257 249 249
513 200000 | 505 264 257 257
541 200000 | 534 262 286 286
534 200000 | 528 267 273 273
486 200000 | 474 254 244 244
504 200000 | 499 268 241 241
503 200000 | 498 259 249 249
544 200000 | 540 259 289 289
522 200000 | 516 262 266 266
553 200000 | 546 282 278 278
489 200000 | 480 259 239 239
511 200000 | 506 252 264 264
461 200000 | 457 226 239 239
528 200000 | 521 264 271 271
513 200000 | 504 272 250 250
520 200000 | 508 262 270 270
548 200000 | 541 276 279 279
581 200000 | 575 304 283 283
514 200000 | 507 246 275 275
500 200000 | 492 262 246 246
522 200000 | 515 254 275 275
503 200000 | 495 251 260 260
561 200000 | 547 282 293 293
526 200000 | 517 256 279 279
501 200000 | 496 232 274 274
538 200000 | 531 272 273 273
493 200000 | 485 238 263 263
543 200000 | 531 265 290 290
519 200000 | 514 266 258 258
512 200000 | 506 266 252 252
477 200000 | 469 258 227 227
529 200000 | 521 270 267 267
516 200000 | 510 280 242 242
503 200000 | 492 251 263 263
540 200000 | 532 277 271 271
517 200000 | 510 265 259 259
528 200000 | 519 284 253 253
502 200000 | 498 277 229 229
519 200000 | 513 248 277 277
503 200000 | 496 235 275 275
548 200000 | 537 279 280 280
523 200000 | 514 250 282 282
536 200000 | 528 293 251 251
523 200000 | 520 267 259 259
543 200000 | 540 279 267 267
462 200000 | 450 232 242 242
492 200000 | 487 235 262 262
498 200000 | 492 251 253 253
513 200000 | 508 277 241 241
532 200000 | 528 261 275 275
574 200000 | 564 282 302 302
534 200000 | 524 271 273 273
528 200000 | 520 268 268 268
514 200000 | 512 269 247 247
533 200000 | 530 285 251 251
491 200000 | 484 245 253 253
559 200000 | 550 293 275 275
509 200000 | 499 243 276 276
535 200000 | 528 287 255 255
525 200000 | 516 248 286 286
518 200000 | 512 279 245 245
489 200000 | 481 258 239 239
544 200000 | 536 260 292 292
500 200000 | 495 250 255 255
512 200000 | 506 244 274 274
519 200000 | 511 267 260 260
481 200000 | 470 236 256 256
503 200000 | 493 238 275 275
549 200000 | 542 282 274 274
534 200000 | 525 266 277 277
527 200000 | 516 250 288 288
575 200000 | 568 280 302 302
522 200000 | 515 260 269 269
494 200000 | 488 244 256 256
514 200000 | 507 255 266 266
526 200000 | 520 271 261 261
512 200000 | 504 271 249 249
533 200000 | 525 275 266 266
510 200000 | 506 240 274 274
543 200000 | 534 286 266 266
546 200000 | 541 289 262 262
553 200000 | 543 281 282 282
502 200000 | 496 249 259 259
518 200000 | 510 243 283 283
491 200000 | 481 267 234 234
536 200000 | 528 284 260 260
488 200000 | 481 258 237 237
537 200000 | 521 294 259 259
492 200000 | 485 240 259 259
527 200000 | 521 283 250 250
504 200000 | 494 243 271 271
521 200000 | 503 247 292 292
468 200000 | 456 233 247 247
461 200000 | 458 232 232 232
533 200000 | 520 258 288 288
