58 200000 | 36 33 47 47
50 200000 | 35 26 39 39
64 200000 | 41 36 51 51
75 200000 | 55 35 60 60
56 200000 | 34 28 50 50
46 200000 | 29 23 40 40
59 200000 | 40 31 47 47
72 200000 | 48 36 60 60
45 200000 | 30 22 38 38
59 200000 | 43 29 46 46
61 200000 | 35 38 49 49
72 200000 | 49 38 57 57
53 200000 | 36 26 44 44
53 200000 | 35 30 41 41
58 200000 | 41 28 47 47
52 200000 | 36 23 45 45
62 200000 | 41 34 49 49
80 200000 | 41 48 71 71
53 200000 | 34 29 43 43
40 200000 | 32 16 32 32
66 200000 | 33 40 59 59
51 200000 | 36 25 41 41
56 200000 | 35 25 52 52
59 200000 | 37 31 50 50
53 200000 | 25 34 47 47
62 200000 | 42 36 46 46
53 200000 | 30 32 44 44
55 200000 | 37 29 44 44
58 200000 | 36 29 51 51
61 200000 | 38 30 54 54
65 200000 | 42 32 56 56
60 200000 | 33 36 51 51
63 200000 | 42 31 53 53
63 200000 | 45 29 52 52
62 200000 | 46 26 52 52
70 200000 | 45 38 57 57
50 200000 | 33 25 42 42
56 200000 | 39 28 45 45
63 200000 | 42 31 53 53
56 200000 | 39 27 46 46
55 200000 | 33 25 52 52
53 200000 | 38 25 43 43
51 200000 | 33 24 45 45
55 200000 | 36 29 45 45
73 200000 | 42 38 66 66
56 200000 | 40 28 44 44
72 200000 | 52 30 62 62
58 200000 | 39 27 50 50
45 200000 | 28 24 38 38
50 200000 | 29 25 46 46
56 200000 | 39 27 46 46
39 200000 | 27 19 32 32
60 200000 | 33 37 50 50
66 200000 | 48 31 53 53
48 200000 | 34 24 38 38
63 200000 | 34 40 52 52
56 200000 | 36 27 49 49
61 200000 | 41 35 46 46
61 200000 | 37 32 53 53
59 200000 | 40 24 54 54
65 200000 | 47 36 47 47
65 200000 | 47 30 53 53
56 200000 | 40 25 47 47
57 200000 | 38 27 49 49
60 200000 | 37 29 54 54
67 200000 | 40 40 54 54
47 200000 | 36 18 40 40
52 200000 | 34 25 45 45
63 200000 | 42 37 47 47
71 200000 | 51 30 61 61
53 200000 | 31 29 46 46
58 200000 | 39 28 49 49
57 200000 | 37 33 44 44
55 200000 | 38 27 45 45
56 200000 | 36 27 49 49
59 200000 | 43 28 47 47
67 200000 | 36 42 56 56
56 200000 | 39 27 46 46
61 200000 | 45 30 47 47
79 200000 | 56 36 66 66
50 200000 | 39 19 42 42
56 200000 | 38 22 52 52
58 200000 | 42 25 49 49
54 200000 | 38 29 41 41
72 200000 | 48 33 63 63
54 200000 | 37 27 44 44
67 200000 | 48 27 59 59
71 200000 | 44 37 61 61
60 200000 | 36 31 53 53
55 200000 | 40 21 49 49
52 200000 | 36 27 41 41
56 200000 | 38 26 48 48
50 200000 | 37 20 43 43
64 200000 | 41 35 52 52
65 200000 | 45 37 48 48
61 200000 | 38 31 53 53
55 200000 | 34 30 46 46
62 200000 | 37 37 50 50
52 200000 | 30 31 43 43
54 200000 | 39 24 45 45
68 200000 | 46 38 52 52
56 200000 | 38 27 47 47
53 200000 | 36 28 42 42
51 200000 | 27 29 46 46
48 200000 | 34 20 42 42
65 200000 | 41 36 53 53
54 200000 | 33 30 45 45
59 200000 | 44 28 46 46
73 200000 | 46 37 63 63
61 200000 | 38 28 56 56
59 200000 | 30 34 54 54
59 200000 | 36 37 45 45
61 200000 | 43 36 43 43
41 200000 | 29 18 35 35
51 200000 | 36 29 37 37
63 200000 | 48 28 50 50
65 200000 | 39 35 56 56
62 200000 | 38 32 54 54
50 200000 | 27 28 45 45
66 200000 | 47 35 50 50
55 200000 | 36 33 41 41
69 200000 | 46 35 57 57
60 200000 | 36 37 47 47
77 200000 | 56 30 68 68
81 200000 | 57 45 60 60
52 200000 | 32 28 44 44
59 200000 | 37 31 50 50
52 200000 | 33 26 45 45
59 200000 | 35 34 49 49
62 200000 | 41 27 56 56
75 200000 | 46 41 63 63
61 200000 | 37 36 49 49
59 200000 | 35 34 49 49
55 200000 | 44 23 43 43
65 200000 | 49 31 50 50
55 200000 | 43 19 48 48
57 200000 | 38 25 51 51
57 200000 | 40 27 47 47
70 200000 | 48 40 52 52
44 200000 | 30 24 34 34
70 200000 | 46 32 62 62
51 200000 | 32 26 44 44
69 200000 | 47 32 59 59
60 200000 | 35 32 53 53
63 200000 | 42 32 52 52
64 200000 | 53 26 49 49
59 200000 | 38 30 50 50
49 200000 | 35 26 37 37
52 200000 | 31 28 45 45
64 200000 | 42 33 53 53
57 200000 | 40 25 49 49
74 200000 | 50 40 58 58
65 200000 | 44 34 52 52
71 200000 | 49 38 55 55
73 200000 | 51 35 60 60
58 200000 | 37 33 46 46
52 200000 | 38 23 43 43
63 200000 | 40 31 55 55
48 200000 | 28 29 39 39
51 200000 | 35 27 40 40
49 200000 | 38 20 40 40
54 200000 | 37 26 45 45
69 200000 | 43 35 60 60
58 200000 | 37 33 46 46
68 200000 | 40 35 61 61
59 200000 | 38 28 52 52
81 200000 | 54 37 71 71
50 200000 | 34 22 44 44
56 200000 | 31 32 49 49
61 200000 | 43 29 50 50
60 200000 | 42 32 46 46
55 200000 | 34 27 49 49
53 200000 | 39 23 44 44
50 200000 | 29 30 41 41
82 200000 | 53 40 71 71
65 200000 | 46 29 55 55
69 200000 | 37 38 63 63
59 200000 | 36 33 49 49
61 200000 | 49 26 47 47
63 200000 | 43 38 45 45
51 200000 | 32 29 41 41
61 200000 | 37 32 53 53
58 200000 | 39 35 42 42
61 200000 | 35 37 50 50
39 200000 | 25 22 31 31
65 200000 | 41 33 56 56
47 200000 | 32 22 40 40
56 200000 | 37 29 46 46
64 200000 | 44 30 54 54
59 200000 | 42 28 48 48
52 200000 | 38 28 38 38
62 200000 | 42 28 54 54
62 200000 | 41 32 51 51
56 200000 | 37 26 49 49
65 200000 | 44 35 51 51
69 200000 | 43 36 59 59
53 200000 | 35 24 47 47
51 200000 | 28 30 44 44
54 200000 | 32 30 46 46
67 200000 | 45 32 57 57
74 200000 | 54 30 64 64
58 200000 | 37 36 43 43
60 200000 | 35 39 46 46
71 200000 | 47 34 61 61
53 200000 | 37 26 43 43
62 200000 | 48 24 52 52
