1283 200000 | 885 903 778 778
1177 200000 | 809 857 688 688
1189 200000 | 819 823 736 736
1193 200000 | 828 843 715 715
1161 200000 | 808 805 709 709
1145 200000 | 797 806 687 687
1174 200000 | 812 851 685 685
1178 200000 | 786 846 724 724
1181 200000 | 804 827 731 731
1174 200000 | 815 798 735 735
1167 200000 | 780 850 704 704
1244 200000 | 824 897 767 767
1154 200000 | 802 805 701 701
1207 200000 | 862 849 703 703
1122 200000 | 774 787 683 683
1175 200000 | 859 799 692 692
1179 200000 | 791 856 711 711
1167 200000 | 780 874 680 680
1155 200000 | 767 856 687 687
1143 200000 | 789 805 692 692
