14 200000 | 7 14 7 7
16 200000 | 11 16 5 5
20 200000 | 14 20 6 6
9 200000 | 4 9 5 5
19 200000 | 11 19 8 8
22 200000 | 16 22 6 6
12 200000 | 9 12 3 3
11 200000 | 6 11 5 5
13 200000 | 6 13 7 7
11 200000 | 8 10 4 4
14 200000 | 9 12 7 7
12 200000 | 8 10 6 6
22 200000 | 11 22 11 11
15 200000 | 10 15 5 5
14 200000 | 11 14 3 3
16 200000 | 9 16 7 7
10 200000 | 6 9 5 5
11 200000 | 9 11 2 2
13 200000 | 3 13 10 10
17 200000 | 11 17 6 6
18 200000 | 8 18 10 10
16 200000 | 8 16 8 8
13 200000 | 8 13 5 5
21 200000 | 13 21 8 8
17 200000 | 10 17 7 7
10 200000 | 5 10 5 5
16 200000 | 11 16 5 5
26 200000 | 13 26 13 13
20 200000 | 11 20 9 9
14 200000 | 8 14 6 6
7 200000 | 4 7 3 3
16 200000 | 11 15 6 6
21 200000 | 16 20 6 6
16 200000 | 11 15 6 6
10 200000 | 5 9 6 6
10 200000 | 5 10 5 5
17 200000 | 12 17 5 5
9 200000 | 7 8 3 3
16 200000 | 9 16 7 7
18 200000 | 11 18 7 7
14 200000 | 11 13 4 4
22 200000 | 10 21 13 13
14 200000 | 8 14 6 6
20 200000 | 13 20 7 7
8 200000 | 5 8 3 3
15 200000 | 12 15 3 3
15 200000 | 11 15 4 4
14 200000 | 9 14 5 5
28 200000 | 12 27 17 17
12 200000 | 7 12 5 5
16 200000 | 8 16 8 8
16 200000 | 9 15 8 8
22 200000 | 15 22 7 7
17 200000 | 14 17 3 3
13 200000 | 9 13 4 4
8 200000 | 6 8 2 2
11 200000 | 7 11 4 4
14 200000 | 6 14 8 8
23 200000 | 15 22 9 9
11 200000 | 8 11 3 3
19 200000 | 15 18 5 5
11 200000 | 4 10 8 8
15 200000 | 8 15 7 7
18 200000 | 9 18 9 9
24 200000 | 16 24 8 8
26 200000 | 15 26 11 11
20 200000 | 11 18 11 11
17 200000 | 14 17 3 3
17 200000 | 13 17 4 4
11 200000 | 6 11 5 5
16 200000 | 11 16 5 5
14 200000 | 8 14 6 6
20 200000 | 9 19 12 12
15 200000 | 8 15 7 7
7 200000 | 4 7 3 3
16 200000 | 9 16 7 7
10 200000 | 7 10 3 3
14 200000 | 9 14 5 5
12 200000 | 9 12 3 3
10 200000 | 7 10 3 3
21 200000 | 9 21 12 12
15 200000 | 10 15 5 5
16 200000 | 9 15 8 8
14 200000 | 8 14 6 6
15 200000 | 10 15 5 5
20 200000 | 14 20 6 6
10 200000 | 7 9 4 4
11 200000 | 7 11 4 4
16 200000 | 8 15 9 9
14 200000 | 9 14 5 5
12 200000 | 6 12 6 6
7 200000 | 6 7 1 1
10 200000 | 4 10 6 6
22 200000 | 15 21 8 8
16 200000 | 10 16 6 6
14 200000 | 10 14 4 4
12 200000 | 11 12 1 1
22 200000 | 9 22 13 13
19 200000 | 13 18 7 7
19 200000 | 14 19 5 5
11 200000 | 9 11 2 2
13 200000 | 7 13 6 6
19 200000 | 13 19 6 6
9 200000 | 6 9 3 3
12 200000 | 8 11 5 5
17 200000 | 12 17 5 5
20 200000 | 11 20 9 9
9 200000 | 4 9 5 5
13 200000 | 7 13 6 6
17 200000 | 13 17 4 4
15 200000 | 7 15 8 8
12 200000 | 6 12 6 6
16 200000 | 9 16 7 7
15 200000 | 9 14 7 7
16 200000 | 11 16 5 5
19 200000 | 12 19 7 7
11 200000 | 4 11 7 7
9 200000 | 5 9 4 4
19 300000 | 12 19 7 7
18 300000 | 12 18 6 6
18 300000 | 9 18 9 9
26 300000 | 15 26 11 11
21 300000 | 9 21 12 12
23 300000 | 14 23 9 9
11 300000 | 8 11 3 3
22 300000 | 11 22 11 11
19 300000 | 9 17 12 12
16 300000 | 14 16 2 2
20 300000 | 12 20 8 8
17 300000 | 10 17 7 7
21 300000 | 14 21 7 7
27 300000 | 15 27 12 12
21 300000 | 12 21 9 9
23 300000 | 11 23 12 12
19 300000 | 12 19 7 7
21 300000 | 12 21 9 9
26 300000 | 20 26 6 6
25 300000 | 15 25 10 10
20 300000 | 11 20 9 9
19 300000 | 11 19 8 8
18 300000 | 12 18 6 6
27 300000 | 15 26 13 13
34 300000 | 26 34 8 8
17 300000 | 9 17 8 8
15 300000 | 10 15 5 5
20 300000 | 13 20 7 7
22 300000 | 16 21 7 7
29 300000 | 20 29 9 9
29 300000 | 20 29 9 9
20 300000 | 11 20 9 9
29 300000 | 18 28 12 12
27 300000 | 16 25 13 13
23 300000 | 13 23 10 10
38 300000 | 19 38 19 19
29 300000 | 21 28 9 9
22 300000 | 17 21 6 6
23 300000 | 12 23 11 11
21 300000 | 13 21 8 8
29 300000 | 20 28 10 10
25 300000 | 15 25 10 10
8 300000 | 4 8 4 4
25 300000 | 14 25 11 11
14 300000 | 10 14 4 4
20 300000 | 13 20 7 7
16 300000 | 10 16 6 6
20 300000 | 10 20 10 10
19 300000 | 12 18 8 8
18 300000 | 10 18 8 8
20 300000 | 11 20 9 9
21 300000 | 15 21 6 6
22 300000 | 18 21 5 5
21 300000 | 11 20 11 11
28 300000 | 19 27 10 10
26 300000 | 16 26 10 10
24 300000 | 13 24 11 11
20 300000 | 14 19 7 7
26 300000 | 23 23 6 6
22 300000 | 13 22 9 9
24 300000 | 16 23 9 9
23 300000 | 17 23 6 6
26 300000 | 15 25 12 12
18 300000 | 14 16 6 6
17 300000 | 9 16 9 9
25 300000 | 16 25 9 9
15 300000 | 11 15 4 4
24 300000 | 14 24 10 10
29 300000 | 18 29 11 11
27 300000 | 18 27 9 9
20 300000 | 10 20 10 10
19 300000 | 13 18 7 7
29 300000 | 21 29 8 8
21 300000 | 12 21 9 9
21 300000 | 12 20 10 10
15 300000 | 12 15 3 3
25 300000 | 13 25 12 12
23 300000 | 18 22 6 6
15 300000 | 12 15 3 3
26 300000 | 11 26 15 15
30 300000 | 18 29 13 13
29 300000 | 20 26 12 12
25 300000 | 16 25 9 9
31 300000 | 23 31 8 8
26 300000 | 19 26 7 7
24 300000 | 17 24 7 7
32 300000 | 20 32 12 12
22 300000 | 12 22 10 10
20 300000 | 10 20 10 10
22 300000 | 10 22 12 12
28 300000 | 14 28 14 14
22 300000 | 17 22 5 5
22 300000 | 12 21 11 11
23 300000 | 16 22 8 8
27 300000 | 17 27 10 10
29 300000 | 17 29 12 12
14 300000 | 7 14 7 7
31 300000 | 18 31 13 13
22 300000 | 13 21 10 10
23 300000 | 14 23 9 9
15 300000 | 10 15 5 5
18 300000 | 12 18 6 6
18 300000 | 13 18 5 5
17 300000 | 11 17 6 6
22 300000 | 13 22 9 9
20 300000 | 16 18 6 6
21 300000 | 13 21 8 8
22 300000 | 17 22 5 5
22 300000 | 15 22 7 7
17 300000 | 10 17 7 7
24 300000 | 21 24 3 3
27 300000 | 12 27 15 15
25 300000 | 16 24 10 10
25 300000 | 17 24 9 9
27 300000 | 16 26 12 12
14 300000 | 8 14 6 6
24 300000 | 10 24 14 14
22 300000 | 10 22 12 12
19 300000 | 7 19 12 12
22 300000 | 15 22 7 7
17 300000 | 11 17 6 6
27 300000 | 18 26 10 10
21 300000 | 13 21 8 8
22 300000 | 16 22 6 6
19 300000 | 12 19 7 7
21 300000 | 14 19 9 9
23 300000 | 12 23 11 11
22 300000 | 17 22 5 5
20 300000 | 11 20 9 9
23 300000 | 17 22 7 7
16 300000 | 7 16 9 9
18 300000 | 9 18 9 9
24 300000 | 13 24 11 11
21 300000 | 13 19 10 10
19 300000 | 9 19 10 10
18 300000 | 10 18 8 8
18 300000 | 11 18 7 7
36 300000 | 25 35 12 12
17 300000 | 11 16 7 7
17 300000 | 12 17 5 5
27 300000 | 18 26 10 10
23 300000 | 16 23 7 7
22 300000 | 15 22 7 7
23 300000 | 13 23 10 10
16 300000 | 9 16 7 7
23 300000 | 13 23 10 10
18 300000 | 11 17 8 8
26 300000 | 19 25 8 8
24 300000 | 16 24 8 8
25 300000 | 13 25 12 12
20 300000 | 10 20 10 10
15 300000 | 12 14 4 4
20 300000 | 10 18 12 12
