29 200000 | 29 18 11 11
44 200000 | 44 26 18 18
48 200000 | 48 26 22 22
29 200000 | 29 20 9 9
39 200000 | 38 30 10 10
36 200000 | 36 25 11 11
37 200000 | 37 30 7 7
33 200000 | 33 24 9 9
34 200000 | 33 21 14 14
34 200000 | 34 25 9 9
31 200000 | 29 20 13 13
32 200000 | 31 23 10 10
37 200000 | 36 22 16 16
28 200000 | 28 18 10 10
36 200000 | 35 23 14 14
29 200000 | 29 19 10 10
33 200000 | 33 24 9 9
23 200000 | 22 13 11 11
27 200000 | 26 21 7 7
30 200000 | 30 19 11 11
33 200000 | 31 23 12 12
42 200000 | 41 27 16 16
42 200000 | 42 30 12 12
23 200000 | 22 12 12 12
25 200000 | 25 19 6 6
29 200000 | 29 22 7 7
42 200000 | 42 32 10 10
42 200000 | 40 29 15 15
37 200000 | 37 20 17 17
25 200000 | 23 16 11 11
31 200000 | 31 16 15 15
38 200000 | 37 28 11 11
32 200000 | 32 23 9 9
22 200000 | 22 18 4 4
27 200000 | 25 22 7 7
39 200000 | 39 27 12 12
31 200000 | 30 22 10 10
31 200000 | 31 23 8 8
28 200000 | 26 20 10 10
27 200000 | 26 18 10 10
53 200000 | 49 39 18 18
26 200000 | 26 19 7 7
32 200000 | 30 23 11 11
39 200000 | 39 20 19 19
22 200000 | 22 17 5 5
36 200000 | 35 30 7 7
40 200000 | 39 23 18 18
38 200000 | 38 24 14 14
35 200000 | 35 22 13 13
24 200000 | 24 18 6 6
27 200000 | 27 20 7 7
33 200000 | 33 23 10 10
37 200000 | 37 25 12 12
34 200000 | 32 22 14 14
47 200000 | 45 35 14 14
27 200000 | 27 21 6 6
32 200000 | 32 21 11 11
36 200000 | 36 21 15 15
31 200000 | 30 23 9 9
33 200000 | 31 22 13 13
39 200000 | 39 30 9 9
42 200000 | 42 24 18 18
42 200000 | 41 29 14 14
38 200000 | 36 24 16 16
32 200000 | 32 23 9 9
25 200000 | 25 15 10 10
30 200000 | 30 24 6 6
31 200000 | 29 24 9 9
27 200000 | 26 13 15 15
25 200000 | 25 17 8 8
33 200000 | 32 21 13 13
46 200000 | 46 27 19 19
37 200000 | 36 23 15 15
26 200000 | 26 14 12 12
35 200000 | 34 28 8 8
28 200000 | 28 15 13 13
36 200000 | 36 23 13 13
45 200000 | 44 29 17 17
28 200000 | 26 20 10 10
38 200000 | 38 26 12 12
36 200000 | 35 24 13 13
41 200000 | 39 26 17 17
32 200000 | 32 22 10 10
29 200000 | 27 23 8 8
28 200000 | 27 23 6 6
40 200000 | 39 30 11 11
34 200000 | 34 26 8 8
23 200000 | 23 17 6 6
26 200000 | 24 16 12 12
40 200000 | 40 28 12 12
31 200000 | 29 22 11 11
28 200000 | 27 16 13 13
37 200000 | 37 26 11 11
38 200000 | 37 29 10 10
36 200000 | 34 28 10 10
47 200000 | 47 35 12 12
34 200000 | 34 22 12 12
27 200000 | 27 19 8 8
45 200000 | 44 29 17 17
39 200000 | 38 21 19 19
25 200000 | 25 14 11 11
24 200000 | 24 15 9 9
34 200000 | 33 26 9 9
39 200000 | 39 30 9 9
32 200000 | 31 26 7 7
33 200000 | 33 26 7 7
32 200000 | 30 23 11 11
31 200000 | 31 22 9 9
37 200000 | 36 25 13 13
30 200000 | 30 23 7 7
38 200000 | 37 28 11 11
23 200000 | 23 14 9 9
35 200000 | 33 29 8 8
28 200000 | 28 14 14 14
35 200000 | 35 25 10 10
30 200000 | 29 18 13 13
36 200000 | 36 24 12 12
30 200000 | 30 20 10 10
38 200000 | 36 22 18 18
29 200000 | 29 17 12 12
33 200000 | 31 25 10 10
43 200000 | 41 32 13 13
21 200000 | 20 14 8 8
28 200000 | 28 19 9 9
27 200000 | 25 20 9 9
38 200000 | 37 28 11 11
26 200000 | 26 18 8 8
38 200000 | 38 32 6 6
39 200000 | 39 24 15 15
32 200000 | 30 26 8 8
27 200000 | 26 23 5 5
27 200000 | 27 20 7 7
24 200000 | 23 14 11 11
36 200000 | 35 26 11 11
30 200000 | 30 16 14 14
42 200000 | 42 27 15 15
35 200000 | 35 24 11 11
29 200000 | 29 20 9 9
24 200000 | 24 14 10 10
31 200000 | 30 18 14 14
39 200000 | 39 26 13 13
36 200000 | 36 22 14 14
36 200000 | 34 25 13 13
41 200000 | 40 30 12 12
27 200000 | 27 18 9 9
28 200000 | 28 14 14 14
33 200000 | 33 25 8 8
36 200000 | 36 22 14 14
27 200000 | 27 17 10 10
39 200000 | 39 22 17 17
37 200000 | 36 28 10 10
36 200000 | 35 25 12 12
28 200000 | 28 19 9 9
34 200000 | 33 28 7 7
28 200000 | 27 17 12 12
38 200000 | 36 28 12 12
22 200000 | 21 13 10 10
23 200000 | 23 18 5 5
38 200000 | 38 24 14 14
26 200000 | 26 20 6 6
35 200000 | 35 26 9 9
38 200000 | 37 24 15 15
40 200000 | 36 28 16 16
25 200000 | 25 18 7 7
39 200000 | 38 25 15 15
44 200000 | 43 26 19 19
31 200000 | 31 23 8 8
27 200000 | 24 19 11 11
34 200000 | 33 22 13 13
32 200000 | 31 25 8 8
30 200000 | 29 18 13 13
26 200000 | 26 17 9 9
36 200000 | 36 22 14 14
36 200000 | 35 21 16 16
36 200000 | 34 27 11 11
39 200000 | 39 25 14 14
35 200000 | 35 20 15 15
34 200000 | 34 25 9 9
29 200000 | 29 21 8 8
24 200000 | 23 16 9 9
33 200000 | 32 22 12 12
33 200000 | 31 21 14 14
39 200000 | 39 29 10 10
42 200000 | 42 29 13 13
29 200000 | 29 20 9 9
32 200000 | 31 24 9 9
25 200000 | 23 17 10 10
25 200000 | 25 17 8 8
40 200000 | 39 28 13 13
29 200000 | 29 14 15 15
34 200000 | 33 23 12 12
44 200000 | 41 31 16 16
35 200000 | 33 21 16 16
34 200000 | 34 26 8 8
32 200000 | 30 23 11 11
31 200000 | 30 21 11 11
32 200000 | 31 25 8 8
31 200000 | 31 21 10 10
33 200000 | 31 26 9 9
29 200000 | 29 18 11 11
28 200000 | 28 22 6 6
34 200000 | 32 21 15 15
34 200000 | 33 26 9 9
48 200000 | 47 34 15 15
36 200000 | 36 23 13 13
41 200000 | 41 30 11 11
38 200000 | 38 26 12 12
26 200000 | 26 17 9 9
36 200000 | 36 20 16 16
32 200000 | 32 19 13 13
36 200000 | 33 30 9 9
37 200000 | 36 18 20 20
46 200000 | 45 28 19 19
38 200000 | 38 24 14 14
29 200000 | 26 20 12 12
32 200000 | 32 19 13 13
24 200000 | 24 15 9 9
30 200000 | 30 18 12 12
40 200000 | 40 33 7 7
28 200000 | 28 18 10 10
44 200000 | 44 31 13 13
26 200000 | 26 18 8 8
30 200000 | 29 19 12 12
40 200000 | 38 27 15 15
42 200000 | 42 21 21 21
37 200000 | 36 27 11 11
33 200000 | 32 23 11 11
36 200000 | 34 27 11 11
27 200000 | 25 19 10 10
38 200000 | 38 28 10 10
32 200000 | 32 22 10 10
39 200000 | 39 28 11 11
33 200000 | 33 20 13 13
33 200000 | 33 22 11 11
34 200000 | 33 20 15 15
31 200000 | 31 14 17 17
43 200000 | 43 24 19 19
38 200000 | 36 29 11 11
29 200000 | 29 25 4 4
43 200000 | 43 31 12 12
