579 200000
506 200000
517 200000
531 200000
510 200000
513 200000
501 200000
548 200000
527 200000
522 200000
500 200000
522 200000
495 200000
517 200000
528 200000
531 200000
527 200000
545 200000
506 200000
520 200000
538 200000
468 200000
524 200000
508 200000
520 200000
541 200000
538 200000
540 200000
517 200000
511 200000
519 200000
507 200000
491 200000
547 200000
512 200000
514 200000
553 200000
513 200000
535 200000
521 200000
499 200000
539 200000
526 200000
512 200000
552 200000
564 200000
530 200000
557 200000
558 200000
569 200000
524 200000
516 200000
565 200000
520 200000
571 200000
539 200000
505 200000
543 200000
542 200000
510 200000
563 200000
517 200000
511 200000
502 200000
504 200000
507 200000
523 200000
495 200000
544 200000
475 200000
525 200000
500 200000
559 200000
523 200000
537 200000
470 200000
529 200000
519 200000
480 200000
518 200000
535 200000
502 200000
495 200000
538 200000
516 200000
494 200000
494 200000
501 200000
501 200000
471 200000
500 200000
512 200000
506 200000
569 200000
514 200000
500 200000
