75 200000
88 200000
75 200000
81 200000
80 200000
78 200000
94 200000
74 200000
87 200000
76 200000
90 200000
100 200000
89 200000
89 200000
82 200000
101 200000
76 200000
86 200000
89 200000
86 200000
100 200000
97 200000
79 200000
93 200000
105 200000
88 200000
101 200000
78 200000
83 200000
94 200000
98 200000
92 200000
89 200000
80 200000
84 200000
84 200000
88 200000
95 200000
96 200000
99 200000
97 200000
88 200000
88 200000
108 200000
106 200000
88 200000
104 200000
88 200000
76 200000
79 200000
79 200000
82 200000
99 200000
80 200000
91 200000
83 200000
86 200000
87 200000
84 200000
79 200000
82 200000
87 200000
95 200000
107 200000
88 200000
93 200000
87 200000
98 200000
88 200000
88 200000
107 200000
84 200000
88 200000
104 200000
76 200000
98 200000
84 200000
100 200000
75 200000
92 200000
82 200000
106 200000
107 200000
77 200000
77 200000
92 200000
96 200000
92 200000
88 200000
81 200000
85 200000
79 200000
89 200000
90 200000
76 200000
86 200000
89 200000
80 200000
70 200000
79 200000
85 200000
94 200000
75 200000
91 200000
73 200000
83 200000
88 200000
90 200000
92 200000
86 200000
97 200000
104 200000
84 200000
94 200000
87 200000
89 200000
95 200000
97 200000
95 200000
93 200000
88 200000
84 200000
104 200000
78 200000
78 200000
97 200000
90 200000
87 200000
95 200000
94 200000
87 200000
104 200000
76 200000
80 200000
97 200000
88 200000
90 200000
79 200000
82 200000
91 200000
95 200000
95 200000
95 200000
91 200000
84 200000
96 200000
91 200000
110 200000
114 200000
92 200000
90 200000
74 200000
83 200000
91 200000
95 200000
79 200000
84 200000
87 200000
89 200000
89 200000
100 200000
92 200000
79 200000
94 200000
89 200000
84 200000
92 200000
83 200000
89 200000
85 200000
95 200000
95 200000
97 200000
97 200000
85 200000
85 200000
93 200000
78 200000
93 200000
103 200000
111 200000
73 200000
87 200000
78 200000
103 200000
93 200000
95 200000
76 200000
87 200000
110 200000
94 200000
95 200000
94 200000
79 200000
70 200000
92 200000
97 200000
79 200000
85 200000
79 200000
87 200000
82 200000
90 200000
90 200000
88 200000
79 200000
95 200000
93 200000
84 200000
91 200000
88 200000
76 200000
97 200000
75 200000
76 200000
91 200000
79 200000
85 200000
86 200000
99 200000
86 200000
95 200000
90 200000
89 200000
108 200000
103 200000
80 200000
78 200000
87 200000
107 200000
92 200000
83 200000
81 200000
88 200000
95 200000
79 200000
87 200000
96 200000
111 200000
92 200000
107 200000
92 200000
78 200000
100 200000
70 200000
99 200000
96 200000
80 200000
84 200000
89 200000
69 200000
97 200000
90 200000
95 200000
79 200000
68 200000
94 200000
88 200000
83 200000
92 200000
95 200000
84 200000
97 200000
85 200000
86 200000
90 200000
106 200000
85 200000
84 200000
83 200000
88 200000
91 200000
95 200000
93 200000
100 200000
83 200000
95 200000
92 200000
92 200000
101 200000
89 200000
93 200000
97 200000
84 200000
105 200000
82 200000
85 200000
72 200000
91 200000
96 200000
91 200000
86 200000
114 200000
85 200000
105 200000
89 200000
95 200000
87 200000
95 200000
96 200000
82 200000
86 200000
103 200000
98 200000
74 200000
85 200000
98 200000
100 200000
80 200000
100 200000
108 200000
83 200000
89 200000
86 200000
87 200000
80 200000
82 200000
107 200000
84 200000
84 200000
97 200000
86 200000
92 200000
100 200000
95 200000
93 200000
93 200000
91 200000
96 200000
85 200000
98 200000
105 200000
92 200000
83 200000
79 200000
91 200000
86 200000
94 200000
70 200000
90 200000
98 200000
95 200000
82 200000
84 200000
95 200000
79 200000
88 200000
84 200000
89 200000
92 200000
87 200000
92 200000
99 200000
92 200000
86 200000
82 200000
94 200000
81 200000
86 200000
95 200000
88 200000
110 200000
95 200000
80 200000
94 200000
87 200000
91 200000
94 200000
103 200000
93 200000
92 200000
99 200000
72 200000
72 200000
98 200000
74 200000
82 200000
96 200000
93 200000
86 200000
85 200000
66 200000
77 200000
92 200000
86 200000
104 200000
75 200000
91 200000
72 200000
105 200000
96 200000
89 200000
89 200000
77 200000
100 200000
85 200000
100 200000
90 200000
96 200000
79 200000
83 200000
89 200000
94 200000
96 200000
98 200000
90 200000
106 200000
96 200000
102 200000
87 200000
79 200000
96 200000
76 200000
111 200000
100 200000
87 200000
86 200000
81 200000
102 200000
85 200000
89 200000
82 200000
100 200000
82 200000
80 200000
96 200000
82 200000
84 200000
109 200000
90 200000
95 200000
88 200000
74 200000
96 200000
90 200000
92 200000
87 200000
100 200000
91 200000
77 200000
93 200000
76 200000
78 200000
97 200000
89 200000
103 200000
97 200000
90 200000
108 200000
97 200000
81 200000
95 200000
85 200000
85 200000
82 200000
93 200000
89 200000
88 200000
96 200000
79 200000
100 200000
65 200000
85 200000
88 200000
73 200000
71 200000
96 200000
79 200000
85 200000
92 200000
103 200000
77 200000
85 200000
92 200000
94 200000
84 200000
92 200000
77 200000
78 200000
89 200000
79 200000
87 200000
83 200000
84 200000
96 200000
92 200000
105 200000
93 200000
98 200000
88 200000
100 200000
90 200000
93 200000
102 200000
93 200000
102 200000
91 200000
93 200000
98 200000
84 200000
92 200000
86 200000
92 200000
93 200000
89 200000
91 200000
87 200000
82 200000
95 200000
105 200000
83 200000
98 200000
92 200000
103 200000
102 200000
81 200000
73 200000
88 200000
89 200000
100 200000
91 200000
88 200000
86 200000
97 200000
79 200000
94 200000
86 200000
99 200000
101 200000
111 200000
85 200000
103 200000
70 200000
96 200000
98 200000
99 200000
86 200000
91 200000
89 200000
109 200000
82 200000
87 200000
87 200000
78 200000
94 200000
88 200000
100 200000
69 200000
103 200000
98 200000
85 200000
82 200000
98 200000
83 200000
110 200000
83 200000
102 200000
88 200000
92 200000
