280 200000
295 200000
330 200000
282 200000
270 200000
307 200000
297 200000
284 200000
302 200000
308 200000
306 200000
295 200000
333 200000
331 200000
298 200000
317 200000
304 200000
297 200000
303 200000
300 200000
286 200000
310 200000
307 200000
266 200000
315 200000
342 200000
272 200000
313 200000
327 200000
319 200000
337 200000
280 200000
337 200000
289 200000
322 200000
308 200000
333 200000
297 200000
308 200000
302 200000
292 200000
301 200000
294 200000
311 200000
300 200000
294 200000
310 200000
306 200000
333 200000
292 200000
318 200000
280 200000
351 200000
332 200000
326 200000
303 200000
327 200000
332 200000
273 200000
318 200000
283 200000
285 200000
311 200000
297 200000
310 200000
320 200000
320 200000
306 200000
320 200000
300 200000
305 200000
305 200000
309 200000
314 200000
321 200000
287 200000
311 200000
328 200000
312 200000
300 200000
319 200000
306 200000
298 200000
295 200000
308 200000
339 200000
316 200000
319 200000
323 200000
324 200000
341 200000
295 200000
297 200000
292 200000
316 200000
289 200000
296 200000
288 200000
286 200000
326 200000
306 200000
339 200000
286 200000
306 200000
306 200000
324 200000
314 200000
290 200000
297 200000
315 200000
310 200000
310 200000
309 200000
295 200000
332 200000
317 200000
273 200000
313 200000
294 200000
327 200000
327 200000
294 200000
279 200000
283 200000
320 200000
330 200000
269 200000
273 200000
328 200000
278 200000
272 200000
336 200000
302 200000
316 200000
293 200000
297 200000
297 200000
288 200000
311 200000
296 200000
267 200000
303 200000
313 200000
275 200000
276 200000
311 200000
305 200000
308 200000
309 200000
326 200000
280 200000
301 200000
284 200000
307 200000
329 200000
297 200000
296 200000
320 200000
324 200000
333 200000
328 200000
314 200000
340 200000
352 200000
