140 200000
141 200000
116 200000
140 200000
129 200000
138 200000
120 200000
123 200000
136 200000
117 200000
139 200000
118 200000
121 200000
132 200000
135 200000
112 200000
134 200000
120 200000
125 200000
122 200000
130 200000
134 200000
122 200000
119 200000
109 200000
149 200000
141 200000
146 200000
127 200000
134 200000
129 200000
127 200000
112 200000
111 200000
108 200000
136 200000
123 200000
138 200000
144 200000
139 200000
128 200000
116 200000
118 200000
124 200000
122 200000
126 200000
117 200000
112 200000
134 200000
100 200000
133 200000
144 200000
126 200000
131 200000
133 200000
119 200000
139 200000
142 200000
118 200000
127 200000
116 200000
144 200000
126 200000
125 200000
131 200000
125 200000
121 200000
110 200000
139 200000
112 200000
153 200000
132 200000
149 200000
148 200000
114 200000
119 200000
110 200000
134 200000
131 200000
132 200000
128 200000
125 200000
140 200000
127 200000
113 200000
140 200000
124 200000
128 200000
139 200000
135 200000
144 200000
116 200000
140 200000
128 200000
148 200000
129 200000
143 200000
131 200000
99 200000
144 200000
118 200000
127 200000
141 200000
120 200000
124 200000
118 200000
133 200000
132 200000
129 200000
126 200000
155 200000
127 200000
125 200000
118 200000
123 200000
118 200000
132 200000
128 200000
143 200000
118 200000
127 200000
158 200000
136 200000
132 200000
146 200000
128 200000
144 200000
139 200000
139 200000
139 200000
107 200000
121 200000
123 200000
138 200000
136 200000
123 200000
132 200000
124 200000
134 200000
129 200000
117 200000
130 200000
135 200000
118 200000
143 200000
147 200000
129 200000
141 200000
111 200000
136 200000
126 200000
128 200000
128 200000
126 200000
122 200000
139 200000
117 200000
141 200000
118 200000
138 200000
130 200000
141 200000
144 200000
141 200000
122 200000
126 200000
126 200000
139 200000
132 200000
149 200000
110 200000
125 200000
130 200000
132 200000
107 200000
135 200000
133 200000
130 200000
137 200000
141 200000
124 200000
163 200000
106 200000
119 200000
128 200000
149 200000
137 200000
125 200000
138 200000
130 200000
111 200000
150 200000
134 200000
123 200000
152 200000
140 200000
141 200000
136 200000
118 200000
142 200000
118 200000
138 200000
129 200000
122 200000
153 200000
147 200000
105 200000
115 200000
115 200000
115 200000
150 200000
138 200000
115 200000
124 200000
123 200000
116 200000
139 200000
135 200000
125 200000
127 200000
133 200000
139 200000
136 200000
127 200000
137 200000
117 200000
127 200000
109 200000
127 200000
126 200000
129 200000
138 200000
122 200000
110 200000
140 200000
133 200000
127 200000
135 200000
140 200000
111 200000
130 200000
120 200000
136 200000
122 200000
129 200000
127 200000
118 200000
138 200000
131 200000
137 200000
129 200000
117 200000
110 200000
134 200000
128 200000
136 200000
136 200000
133 200000
134 200000
142 200000
138 200000
135 200000
146 200000
118 200000
130 200000
114 200000
134 200000
136 200000
134 200000
146 200000
136 200000
115 200000
131 200000
159 200000
106 200000
119 200000
117 200000
120 200000
124 200000
111 200000
149 200000
123 200000
117 200000
122 200000
126 200000
139 200000
119 200000
135 200000
106 200000
131 200000
114 200000
136 200000
144 200000
108 200000
124 200000
126 200000
128 200000
129 200000
145 200000
130 200000
126 200000
118 200000
128 200000
138 200000
121 200000
113 200000
130 200000
129 200000
126 200000
118 200000
134 200000
132 200000
126 200000
115 200000
129 200000
134 200000
123 200000
118 200000
121 200000
138 200000
139 200000
128 200000
124 200000
131 200000
136 200000
161 200000
137 200000
126 200000
141 200000
136 200000
134 200000
123 200000
108 200000
127 200000
109 200000
145 200000
119 200000
146 200000
129 200000
121 200000
135 200000
141 200000
142 200000
117 200000
125 200000
138 200000
147 200000
131 200000
137 200000
135 200000
135 200000
126 200000
127 200000
134 200000
123 200000
137 200000
121 200000
128 200000
107 200000
116 200000
133 200000
142 200000
133 200000
126 200000
138 200000
131 200000
128 200000
147 200000
131 200000
133 200000
132 200000
134 200000
118 200000
115 200000
123 200000
120 200000
108 200000
125 200000
131 200000
128 200000
113 200000
135 200000
127 200000
126 200000
131 200000
146 200000
153 200000
132 200000
