86 200000
113 200000
116 200000
124 200000
117 200000
125 200000
105 200000
100 200000
112 200000
115 200000
107 200000
109 200000
95 200000
99 200000
107 200000
121 200000
123 200000
97 200000
101 200000
106 200000
107 200000
126 200000
107 200000
114 200000
117 200000
124 200000
129 200000
111 200000
128 200000
124 200000
106 200000
94 200000
112 200000
110 200000
104 200000
110 200000
106 200000
91 200000
102 200000
103 200000
106 200000
118 200000
122 200000
103 200000
105 200000
96 200000
112 200000
108 200000
117 200000
95 200000
97 200000
111 200000
114 200000
117 200000
115 200000
104 200000
114 200000
110 200000
89 200000
123 200000
102 200000
95 200000
111 200000
112 200000
105 200000
107 200000
99 200000
