796 200000
776 200000
799 200000
768 200000
818 200000
738 200000
787 200000
737 200000
780 200000
812 200000
871 200000
795 200000
778 200000
797 200000
771 200000
778 200000
755 200000
811 200000
830 200000
761 200000
786 200000
778 200000
791 200000
836 200000
798 200000
850 200000
715 200000
787 200000
787 200000
786 200000
849 200000
790 200000
813 200000
788 200000
824 200000
779 200000
822 200000
853 200000
790 200000
734 200000
769 200000
770 200000
796 200000
786 200000
805 200000
797 200000
799 200000
814 200000
792 200000
771 200000
815 200000
796 200000
795 200000
841 200000
839 200000
819 200000
782 200000
752 200000
759 200000
782 200000
834 200000
812 200000
811 200000
