193 200000
186 200000
188 200000
220 200000
195 200000
210 200000
170 200000
204 200000
181 200000
181 200000
193 200000
210 200000
186 200000
168 200000
202 200000
175 200000
187 200000
209 200000
191 200000
185 200000
168 200000
191 200000
189 200000
180 200000
187 200000
218 200000
190 200000
202 200000
183 200000
194 200000
209 200000
200 200000
206 200000
207 200000
193 200000
157 200000
188 200000
180 200000
181 200000
172 200000
198 200000
189 200000
199 200000
201 200000
195 200000
186 200000
176 200000
195 200000
189 200000
171 200000
215 200000
221 200000
183 200000
198 200000
182 200000
180 200000
174 200000
179 200000
231 200000
171 200000
176 200000
181 200000
161 200000
205 200000
198 200000
190 200000
188 200000
185 200000
184 200000
191 200000
182 200000
196 200000
206 200000
196 200000
220 200000
204 200000
165 200000
186 200000
195 200000
203 200000
176 200000
188 200000
183 200000
154 200000
193 200000
181 200000
179 200000
167 200000
191 200000
187 200000
191 200000
174 200000
192 200000
178 200000
194 200000
199 200000
209 200000
167 200000
172 200000
164 200000
190 200000
207 200000
201 200000
193 200000
193 200000
184 200000
223 200000
170 200000
205 200000
186 200000
205 200000
219 200000
186 200000
173 200000
205 200000
169 200000
189 200000
183 200000
171 200000
200 200000
160 200000
181 200000
216 200000
177 200000
190 200000
196 200000
173 200000
179 200000
182 200000
191 200000
200 200000
165 200000
180 200000
174 200000
214 200000
182 200000
201 200000
202 200000
173 200000
187 200000
177 200000
204 200000
178 200000
195 200000
175 200000
193 200000
170 200000
186 200000
173 200000
191 200000
192 200000
168 200000
190 200000
202 200000
168 200000
182 200000
167 200000
185 200000
206 200000
180 200000
203 200000
201 200000
201 200000
198 200000
172 200000
192 200000
182 200000
201 200000
195 200000
171 200000
202 200000
211 200000
194 200000
200 200000
191 200000
174 200000
184 200000
200 200000
192 200000
202 200000
195 200000
201 200000
200 200000
198 200000
189 200000
159 200000
191 200000
187 200000
203 200000
185 200000
210 200000
180 200000
176 200000
174 200000
193 200000
193 200000
200 200000
192 200000
154 200000
180 200000
185 200000
171 200000
166 200000
196 200000
186 200000
160 200000
200 200000
193 200000
233 200000
193 200000
186 200000
186 200000
191 200000
178 200000
189 200000
199 200000
196 200000
185 200000
157 200000
188 200000
182 200000
208 200000
190 200000
186 200000
191 200000
201 200000
199 200000
211 200000
198 200000
185 200000
174 200000
190 200000
186 200000
201 200000
204 200000
218 200000
186 200000
181 200000
190 200000
174 200000
200 200000
199 200000
198 200000
198 200000
184 200000
170 200000
221 200000
182 200000
195 200000
191 200000
182 200000
206 200000
193 200000
209 200000
213 200000
227 200000
177 200000
221 200000
164 200000
198 200000
162 200000
206 200000
221 200000
181 200000
