423 200000
412 200000
416 200000
388 200000
410 200000
425 200000
460 200000
400 200000
405 200000
421 200000
398 200000
412 200000
417 200000
435 200000
438 200000
412 200000
411 200000
432 200000
415 200000
419 200000
399 200000
428 200000
429 200000
426 200000
460 200000
429 200000
417 200000
428 200000
411 200000
402 200000
423 200000
445 200000
463 200000
425 200000
447 200000
438 200000
384 200000
440 200000
401 200000
436 200000
412 200000
418 200000
366 200000
414 200000
431 200000
399 200000
430 200000
378 200000
418 200000
424 200000
456 200000
439 200000
430 200000
493 200000
395 200000
414 200000
431 200000
417 200000
429 200000
449 200000
442 200000
417 200000
428 200000
420 200000
404 200000
407 200000
408 200000
411 200000
411 200000
433 200000
400 200000
434 200000
396 200000
459 200000
441 200000
396 200000
418 200000
443 200000
407 200000
437 200000
445 200000
448 200000
445 200000
414 200000
401 200000
409 200000
399 200000
427 200000
453 200000
407 200000
398 200000
446 200000
427 200000
399 200000
448 200000
432 200000
433 200000
431 200000
402 200000
399 200000
429 200000
437 200000
393 200000
420 200000
419 200000
432 200000
416 200000
454 200000
422 200000
408 200000
428 200000
443 200000
449 200000
387 200000
484 200000
438 200000
422 200000
414 200000
409 200000
