25 200000
21 200000
25 200000
22 200000
19 200000
21 200000
20 200000
22 200000
18 200000
18 200000
20 200000
19 200000
23 200000
15 200000
15 200000
12 200000
18 200000
15 200000
17 200000
26 200000
25 200000
14 200000
17 200000
19 200000
11 200000
16 200000
14 200000
16 200000
15 200000
24 200000
20 200000
18 200000
21 200000
16 200000
16 200000
13 200000
20 200000
13 200000
17 200000
17 200000
19 200000
17 200000
21 200000
16 200000
19 200000
24 200000
14 200000
15 200000
23 200000
15 200000
15 200000
12 200000
27 200000
18 200000
21 200000
21 200000
23 200000
25 200000
19 200000
23 200000
22 200000
20 200000
17 200000
14 200000
20 200000
17 200000
14 200000
21 200000
18 200000
24 200000
