10012 200000
10091 200000
10007 200000
10243 200000
10127 200000
10129 200000
10073 200000
10238 200000
10161 200000
10080 200000
9963 200000
9869 200000
10107 200000
10188 200000
10168 200000
10247 200000
10119 200000
10389 200000
10043 200000
10372 200000
10134 200000
10276 200000
10261 200000
10582 200000
10071 200000
10271 200000
10180 200000
10124 200000
10225 200000
10163 200000
10322 200000
10047 200000
10570 200000
10078 200000
10225 200000
10115 200000
10445 200000
10119 200000
10348 200000
10139 200000
10217 200000
10020 200000
10359 200000
10180 200000
10321 200000
10069 200000
10317 200000
10117 200000
10360 200000
10316 200000
10193 200000
