453 200000
508 200000
473 200000
469 200000
482 200000
472 200000
456 200000
458 200000
456 200000
513 200000
456 200000
443 200000
486 200000
472 200000
469 200000
486 200000
449 200000
483 200000
467 200000
471 200000
485 200000
433 200000
507 200000
493 200000
486 200000
480 200000
484 200000
444 200000
458 200000
460 200000
462 200000
443 200000
457 200000
495 200000
453 200000
462 200000
434 200000
463 200000
499 200000
419 200000
470 200000
456 200000
496 200000
483 200000
440 200000
439 200000
476 200000
474 200000
449 200000
493 200000
471 200000
449 200000
455 200000
449 200000
437 200000
478 200000
463 200000
479 200000
463 200000
428 200000
432 200000
462 200000
486 200000
480 200000
463 200000
488 200000
466 200000
460 200000
475 200000
451 200000
457 200000
472 200000
437 200000
515 200000
465 200000
463 200000
486 200000
465 200000
423 200000
471 200000
465 200000
486 200000
507 200000
481 200000
454 200000
476 200000
487 200000
526 200000
450 200000
442 200000
471 200000
454 200000
436 200000
477 200000
479 200000
465 200000
502 200000
508 200000
459 200000
488 200000
471 200000
470 200000
476 200000
452 200000
441 200000
458 200000
457 200000
