813 200000
822 200000
809 200000
824 200000
867 200000
805 200000
852 200000
846 200000
852 200000
865 200000
852 200000
792 200000
861 200000
858 200000
842 200000
850 200000
870 200000
806 200000
847 200000
874 200000
891 200000
799 200000
849 200000
855 200000
832 200000
836 200000
875 200000
814 200000
916 200000
817 200000
853 200000
826 200000
873 200000
855 200000
870 200000
842 200000
816 200000
861 200000
828 200000
818 200000
873 200000
819 200000
836 200000
910 200000
851 200000
907 200000
835 200000
809 200000
848 200000
827 200000
879 200000
867 200000
821 200000
840 200000
899 200000
884 200000
864 200000
793 200000
895 200000
849 200000
