1056 200000
1069 200000
1107 200000
1105 200000
1060 200000
1091 200000
1070 200000
1065 200000
1139 200000
1134 200000
1106 200000
1088 200000
1148 200000
1088 200000
1131 200000
1144 200000
1135 200000
1077 200000
1101 200000
1129 200000
1148 200000
1117 200000
1124 200000
1073 200000
1126 200000
1033 200000
1120 200000
1109 200000
1149 200000
1099 200000
1041 200000
1121 200000
1108 200000
991 200000
1059 200000
1130 200000
1078 200000
1128 200000
1057 200000
1089 200000
1111 200000
1139 200000
1144 200000
1101 200000
1123 200000
1072 200000
