840 200000
841 200000
808 200000
823 200000
858 200000
892 200000
796 200000
851 200000
812 200000
866 200000
828 200000
861 200000
879 200000
880 200000
887 200000
848 200000
848 200000
797 200000
820 200000
826 200000
853 200000
779 200000
847 200000
831 200000
863 200000
863 200000
837 200000
841 200000
840 200000
895 200000
848 200000
862 200000
836 200000
873 200000
866 200000
792 200000
810 200000
868 200000
858 200000
903 200000
794 200000
865 200000
832 200000
858 200000
850 200000
853 200000
857 200000
869 200000
868 200000
801 200000
807 200000
870 200000
824 200000
878 200000
829 200000
892 200000
835 200000
836 200000
852 200000
844 200000
