71 200000
74 200000
70 200000
68 200000
81 200000
82 200000
75 200000
66 200000
92 200000
70 200000
68 200000
70 200000
78 200000
91 200000
90 200000
88 200000
64 200000
91 200000
91 200000
75 200000
87 200000
95 200000
89 200000
90 200000
73 200000
91 200000
92 200000
86 200000
80 200000
71 200000
83 200000
84 200000
78 200000
85 200000
80 200000
95 200000
69 200000
88 200000
86 200000
77 200000
71 200000
84 200000
91 200000
81 200000
81 200000
78 200000
66 200000
89 200000
88 200000
80 200000
70 200000
74 200000
85 200000
72 200000
67 200000
79 200000
88 200000
83 200000
89 200000
83 200000
90 200000
95 200000
89 200000
85 200000
80 200000
98 200000
