383 200000
400 200000
372 200000
394 200000
352 200000
372 200000
391 200000
390 200000
354 200000
330 200000
388 200000
350 200000
352 200000
365 200000
378 200000
352 200000
340 200000
365 200000
354 200000
374 200000
375 200000
344 200000
357 200000
369 200000
351 200000
336 200000
355 200000
332 200000
374 200000
344 200000
346 200000
400 200000
355 200000
374 200000
367 200000
360 200000
379 200000
363 200000
414 200000
356 200000
380 200000
389 200000
387 200000
349 200000
351 200000
345 200000
371 200000
357 200000
359 200000
366 200000
386 200000
354 200000
350 200000
367 200000
355 200000
353 200000
360 200000
307 200000
351 200000
385 200000
347 200000
343 200000
364 200000
380 200000
358 200000
403 200000
372 200000
378 200000
377 200000
383 200000
365 200000
360 200000
312 200000
362 200000
364 200000
311 200000
384 200000
351 200000
386 200000
360 200000
392 200000
371 200000
389 200000
350 200000
382 200000
373 200000
361 200000
368 200000
356 200000
346 200000
362 200000
362 200000
378 200000
360 200000
351 200000
370 200000
329 200000
339 200000
377 200000
368 200000
363 200000
332 200000
389 200000
355 200000
394 200000
354 200000
346 200000
395 200000
423 200000
370 200000
342 200000
360 200000
367 200000
387 200000
349 200000
356 200000
374 200000
360 200000
412 200000
325 200000
361 200000
347 200000
380 200000
395 200000
342 200000
358 200000
369 200000
390 200000
352 200000
388 200000
345 200000
346 200000
340 200000
359 200000
367 200000
357 200000
374 200000
367 200000
