10501 200000
10497 200000
10336 200000
10571 200000
10568 200000
10478 200000
10690 200000
10593 200000
10514 200000
10648 200000
10512 200000
10586 200000
10454 200000
10509 200000
10547 200000
10522 200000
10483 200000
10648 200000
10474 200000
10603 200000
10578 200000
10630 200000
10678 200000
10558 200000
10381 200000
10428 200000
10431 200000
10549 200000
10606 200000
10564 200000
10581 200000
10617 200000
10237 200000
10464 200000
10547 200000
10527 200000
10521 200000
10462 200000
10378 200000
10541 200000
10551 200000
10397 200000
10562 200000
10440 200000
10635 200000
10478 200000
