439 200000
490 200000
469 200000
430 200000
485 200000
456 200000
504 200000
452 200000
428 200000
439 200000
465 200000
460 200000
434 200000
448 200000
453 200000
464 200000
442 200000
429 200000
443 200000
429 200000
449 200000
509 200000
466 200000
460 200000
460 200000
503 200000
459 200000
427 200000
449 200000
428 200000
457 200000
473 200000
458 200000
447 200000
496 200000
460 200000
475 200000
440 200000
441 200000
485 200000
452 200000
468 200000
479 200000
484 200000
455 200000
436 200000
415 200000
433 200000
450 200000
466 200000
488 200000
451 200000
467 200000
446 200000
468 200000
418 200000
462 200000
483 200000
464 200000
448 200000
449 200000
468 200000
415 200000
464 200000
489 200000
459 200000
457 200000
488 200000
470 200000
492 200000
491 200000
495 200000
435 200000
434 200000
459 200000
448 200000
478 200000
472 200000
434 200000
453 200000
466 200000
441 200000
473 200000
424 200000
464 200000
482 200000
477 200000
472 200000
473 200000
454 200000
481 200000
483 200000
484 200000
459 200000
414 200000
449 200000
484 200000
449 200000
418 200000
432 200000
441 200000
450 200000
454 200000
512 200000
485 200000
412 200000
490 200000
438 200000
444 200000
442 200000
