0 200000 | 0 0 0 0
3 200000 | 0 3 3 3
5 200000 | 1 5 4 4
5 200000 | 0 5 5 5
4 200000 | 0 4 4 4
5 200000 | 1 5 4 4
1 200000 | 0 1 1 1
1 200000 | 0 1 1 1
4 200000 | 1 4 3 3
2 200000 | 0 2 2 2
3 200000 | 1 3 2 2
5 200000 | 0 5 5 5
4 200000 | 1 4 3 3
1 200000 | 0 1 1 1
3 200000 | 0 3 3 3
2 200000 | 0 2 2 2
3 200000 | 2 3 1 1
3 200000 | 1 3 2 2
0 200000 | 0 0 0 0
1 200000 | 0 1 1 1
2 200000 | 1 2 1 1
2 200000 | 0 2 2 2
2 200000 | 0 2 2 2
2 200000 | 1 2 1 1
2 200000 | 0 2 2 2
4 200000 | 0 4 4 4
0 200000 | 0 0 0 0
0 200000 | 0 0 0 0
3 200000 | 0 3 3 3
2 200000 | 1 2 1 1
3 200000 | 1 3 2 2
3 200000 | 0 3 3 3
1 200000 | 0 1 1 1
0 200000 | 0 0 0 0
1 200000 | 1 1 0 0
1 200000 | 0 1 1 1
1 200000 | 0 1 1 1
3 200000 | 0 3 3 3
4 200000 | 1 4 3 3
2 200000 | 0 2 2 2
2 200000 | 1 2 1 1
2 200000 | 0 2 2 2
4 200000 | 1 4 3 3
1 200000 | 0 1 1 1
3 200000 | 0 3 3 3
3 200000 | 0 3 3 3
2 200000 | 0 2 2 2
3 200000 | 1 3 2 2
3 200000 | 1 3 2 2
2 200000 | 0 2 2 2
0 200000 | 0 0 0 0
4 200000 | 2 4 2 2
1 200000 | 1 1 0 0
1 200000 | 0 1 1 1
1 200000 | 0 1 1 1
2 200000 | 1 2 1 1
1 200000 | 0 1 1 1
1 200000 | 1 1 0 0
2 200000 | 0 2 2 2
2 200000 | 1 2 1 1
3 300000 | 0 3 3 3
5 300000 | 0 5 5 5
4 300000 | 1 4 3 3
2 300000 | 0 2 2 2
5 300000 | 0 5 5 5
5 300000 | 2 5 3 3
3 300000 | 0 3 3 3
7 300000 | 1 7 6 6
8 300000 | 1 7 8 8
0 300000 | 0 0 0 0
3 300000 | 0 3 3 3
5 300000 | 0 5 5 5
3 300000 | 0 3 3 3
3 300000 | 1 2 3 3
6 300000 | 0 6 6 6
3 300000 | 0 3 3 3
4 300000 | 0 4 4 4
1 300000 | 0 1 1 1
3 300000 | 0 3 3 3
2 300000 | 0 2 2 2
4 300000 | 0 4 4 4
2 300000 | 0 2 2 2
6 300000 | 1 6 5 5
2 300000 | 0 2 2 2
4 300000 | 1 4 3 3
1 300000 | 0 1 1 1
2 300000 | 0 2 2 2
6 300000 | 1 6 5 5
5 300000 | 0 5 5 5
1 300000 | 0 1 1 1
3 300000 | 0 3 3 3
5 300000 | 1 5 4 4
3 300000 | 0 3 3 3
2 300000 | 0 2 2 2
3 300000 | 0 3 3 3
1 300000 | 0 1 1 1
4 300000 | 1 4 3 3
3 300000 | 0 3 3 3
3 300000 | 0 3 3 3
5 300000 | 2 5 3 3
6 300000 | 1 6 5 5
4 300000 | 0 4 4 4
2 300000 | 1 2 1 1
4 300000 | 1 4 3 3
4 300000 | 0 4 4 4
3 300000 | 1 3 2 2
2 300000 | 0 2 2 2
4 300000 | 1 4 3 3
4 300000 | 0 4 4 4
4 300000 | 0 4 4 4
4 300000 | 0 4 4 4
3 300000 | 0 3 3 3
4 300000 | 1 4 3 3
2 300000 | 0 2 2 2
8 300000 | 0 8 8 8
5 300000 | 1 5 4 4
1 300000 | 0 1 1 1
1 300000 | 0 1 1 1
2 300000 | 0 2 2 2
1 300000 | 0 1 1 1
4 300000 | 0 4 4 4
3 300000 | 0 3 3 3
2 300000 | 0 2 2 2
2 300000 | 0 2 2 2
4 300000 | 1 4 3 3
5 300000 | 2 5 3 3
3 300000 | 0 3 3 3
1 300000 | 0 1 1 1
4 300000 | 1 4 3 3
6 300000 | 1 6 5 5
1 300000 | 0 1 1 1
1 300000 | 0 1 1 1
3 300000 | 0 3 3 3
2 300000 | 0 2 2 2
0 300000 | 0 0 0 0
3 300000 | 0 3 3 3
5 300000 | 2 5 3 3
1 300000 | 0 1 1 1
3 300000 | 0 3 3 3
3 300000 | 0 3 3 3
8 300000 | 0 8 8 8
3 300000 | 0 3 3 3
3 300000 | 1 3 2 2
5 300000 | 1 5 4 4
3 300000 | 0 3 3 3
2 300000 | 0 2 2 2
3 300000 | 0 3 3 3
4 300000 | 1 4 3 3
4 300000 | 0 4 4 4
4 300000 | 0 4 4 4
2 300000 | 0 2 2 2
3 300000 | 0 3 3 3
1 300000 | 0 1 1 1
2 300000 | 0 2 2 2
2 300000 | 0 2 2 2
4 300000 | 0 4 4 4
2 300000 | 0 2 2 2
3 300000 | 1 3 2 2
1 300000 | 0 1 1 1
4 300000 | 0 4 4 4
4 300000 | 2 4 2 2
3 300000 | 0 3 3 3
2 300000 | 1 2 1 1
4 300000 | 2 4 2 2
3 300000 | 2 3 1 1
1 300000 | 0 1 1 1
2 300000 | 0 2 2 2
4 300000 | 1 4 3 3
6 300000 | 1 6 5 5
3 300000 | 1 3 2 2
1 300000 | 0 1 1 1
3 300000 | 1 3 2 2
6 300000 | 1 6 5 5
8 300000 | 0 8 8 8
2 300000 | 0 2 2 2
5 300000 | 1 5 4 4
3 300000 | 1 3 2 2
1 300000 | 0 1 1 1
5 300000 | 1 5 4 4
2 300000 | 0 2 2 2
1 300000 | 1 1 0 0
2 300000 | 0 2 2 2
3 300000 | 1 3 2 2
4 300000 | 0 4 4 4
5 300000 | 1 5 4 4
5 300000 | 0 5 5 5
3 300000 | 0 3 3 3
0 300000 | 0 0 0 0
3 300000 | 1 3 2 2
2 300000 | 1 2 1 1
2 300000 | 1 2 1 1
4 300000 | 2 4 2 2
3 300000 | 1 3 2 2
7 300000 | 1 7 6 6
3 300000 | 1 3 2 2
1 300000 | 0 1 1 1
3 300000 | 1 3 2 2
4 300000 | 0 4 4 4
2 300000 | 0 2 2 2
4 300000 | 0 4 4 4
3 300000 | 0 3 3 3
4 300000 | 1 4 3 3
3 300000 | 0 3 3 3
2 300000 | 0 2 2 2
4 300000 | 1 4 3 3
4 300000 | 0 4 4 4
4 300000 | 0 4 4 4
3 300000 | 0 3 3 3
3 300000 | 1 3 2 2
6 300000 | 0 6 6 6
2 300000 | 0 2 2 2
4 300000 | 1 4 3 3
1 300000 | 1 1 0 0
3 300000 | 0 3 3 3
6 300000 | 1 6 5 5
7 300000 | 0 7 7 7
2 300000 | 1 2 1 1
3 300000 | 0 3 3 3
9 300000 | 1 9 8 8
0 300000 | 0 0 0 0
3 300000 | 0 3 3 3
2 300000 | 0 2 2 2
2 300000 | 0 2 2 2
2 300000 | 1 2 1 1
1 300000 | 0 1 1 1
3 300000 | 0 3 3 3
