1180 200000 | 713 869 778 778
1120 200000 | 703 804 733 733
1222 200000 | 728 880 836 836
1197 200000 | 709 883 802 802
1145 200000 | 678 869 743 743
1253 200000 | 778 919 809 809
1217 200000 | 722 912 800 800
1160 200000 | 705 857 758 758
1165 200000 | 674 881 775 775
1197 200000 | 728 871 795 795
1180 200000 | 704 889 767 767
1100 200000 | 661 824 715 715
1242 200000 | 758 923 803 803
1179 200000 | 712 869 777 777
1189 200000 | 707 867 804 804
1138 200000 | 682 832 762 762
1205 200000 | 737 868 805 805
1153 200000 | 678 849 779 779
1141 200000 | 722 818 742 742
1187 200000 | 716 894 764 764
1168 200000 | 686 848 802 802
