419 200000 | 407 417 14 14
401 200000 | 396 399 7 7
434 200000 | 425 431 12 12
425 200000 | 419 424 7 7
397 200000 | 383 394 17 17
380 200000 | 369 378 13 13
415 200000 | 406 412 12 12
426 200000 | 414 422 16 16
352 200000 | 343 351 10 10
357 200000 | 345 355 14 14
419 200000 | 405 418 15 15
421 200000 | 405 418 19 19
429 200000 | 417 427 14 14
398 200000 | 392 396 8 8
393 200000 | 386 393 7 7
434 200000 | 425 434 9 9
397 200000 | 386 396 12 12
396 200000 | 389 393 10 10
382 200000 | 374 379 11 11
414 200000 | 405 413 10 10
420 200000 | 411 418 11 11
407 200000 | 398 406 10 10
426 200000 | 420 424 8 8
398 200000 | 390 395 11 11
411 200000 | 400 409 13 13
442 200000 | 433 440 11 11
403 200000 | 395 399 12 12
390 200000 | 384 386 10 10
441 200000 | 427 439 16 16
370 200000 | 360 364 16 16
415 200000 | 408 414 8 8
430 200000 | 426 429 5 5
399 200000 | 388 398 12 12
428 200000 | 423 425 8 8
415 200000 | 404 413 13 13
422 200000 | 415 418 11 11
418 200000 | 404 416 16 16
359 200000 | 344 357 17 17
400 200000 | 392 399 9 9
392 200000 | 378 392 14 14
400 200000 | 394 398 8 8
410 200000 | 397 407 16 16
403 200000 | 396 401 9 9
418 200000 | 400 416 20 20
397 200000 | 387 396 11 11
470 200000 | 449 464 27 27
374 200000 | 363 374 11 11
415 200000 | 405 413 12 12
420 200000 | 409 418 13 13
412 200000 | 398 411 15 15
391 200000 | 379 389 14 14
367 200000 | 359 367 8 8
393 200000 | 379 390 17 17
427 200000 | 420 423 11 11
443 200000 | 434 441 11 11
385 200000 | 371 384 15 15
400 200000 | 397 397 6 6
405 200000 | 395 404 11 11
392 200000 | 381 389 14 14
397 200000 | 390 395 9 9
387 200000 | 381 383 10 10
410 200000 | 400 405 15 15
449 200000 | 438 448 12 12
397 200000 | 382 396 16 16
402 200000 | 394 401 9 9
418 200000 | 406 416 14 14
441 200000 | 433 440 9 9
402 200000 | 389 402 13 13
411 200000 | 401 407 14 14
363 200000 | 354 361 11 11
398 200000 | 390 397 9 9
422 200000 | 413 420 11 11
383 200000 | 376 379 11 11
441 200000 | 432 436 14 14
445 200000 | 432 440 18 18
390 200000 | 381 387 12 12
369 200000 | 357 369 12 12
414 200000 | 403 412 13 13
397 200000 | 390 396 8 8
396 200000 | 386 395 11 11
379 200000 | 371 377 10 10
401 200000 | 397 400 5 5
424 200000 | 415 422 11 11
403 200000 | 394 401 11 11
404 200000 | 392 401 15 15
357 200000 | 352 355 7 7
403 200000 | 392 403 11 11
394 200000 | 385 391 12 12
435 200000 | 423 431 16 16
424 200000 | 419 421 8 8
365 200000 | 355 364 11 11
438 200000 | 435 434 7 7
395 200000 | 386 392 12 12
399 200000 | 391 397 10 10
451 200000 | 441 451 10 10
403 200000 | 392 402 12 12
407 200000 | 398 407 9 9
370 200000 | 365 369 6 6
413 200000 | 404 411 11 11
377 200000 | 367 376 11 11
452 200000 | 437 449 18 18
401 200000 | 389 398 15 15
389 200000 | 380 388 10 10
406 200000 | 399 403 10 10
433 200000 | 427 432 7 7
404 200000 | 392 402 14 14
414 200000 | 401 411 16 16
391 200000 | 383 388 11 11
435 200000 | 427 433 10 10
395 200000 | 378 392 20 20
380 200000 | 374 380 6 6
375 200000 | 368 374 8 8
401 200000 | 389 399 14 14
425 200000 | 415 424 11 11
390 200000 | 377 387 16 16
375 200000 | 366 373 11 11
388 200000 | 382 386 8 8
394 200000 | 381 392 15 15
391 200000 | 383 386 13 13
429 200000 | 421 429 8 8
426 200000 | 416 426 10 10
383 200000 | 378 380 8 8
377 200000 | 372 376 6 6
428 200000 | 417 424 15 15
