543 200000 | 411 265 410 410
520 200000 | 378 275 387 387
586 200000 | 432 313 427 427
537 200000 | 400 266 408 408
511 200000 | 383 251 388 388
553 200000 | 405 291 410 410
553 200000 | 416 266 424 424
565 200000 | 420 278 432 432
561 200000 | 405 290 427 427
532 200000 | 376 293 395 395
591 200000 | 433 297 452 452
562 200000 | 428 286 410 410
571 200000 | 423 298 421 421
523 200000 | 381 278 387 387
580 200000 | 448 267 445 445
538 200000 | 405 281 390 390
558 200000 | 440 283 393 393
536 200000 | 390 272 410 410
497 200000 | 375 262 357 357
550 200000 | 401 291 408 408
532 200000 | 396 277 391 391
548 200000 | 416 264 416 416
548 200000 | 402 295 399 399
543 200000 | 411 267 408 408
546 200000 | 410 266 416 416
505 200000 | 383 253 374 374
571 200000 | 429 291 422 422
575 200000 | 429 310 411 411
558 200000 | 412 289 415 415
575 200000 | 440 271 439 439
534 200000 | 391 280 397 397
509 200000 | 374 257 387 387
515 200000 | 389 248 393 393
513 200000 | 383 270 373 373
548 200000 | 406 284 406 406
552 200000 | 399 297 408 408
500 200000 | 381 253 366 366
575 200000 | 429 286 435 435
535 200000 | 391 271 408 408
524 200000 | 411 252 385 385
591 200000 | 441 289 452 452
543 200000 | 394 280 412 412
549 200000 | 409 272 417 417
577 200000 | 436 289 429 429
506 200000 | 375 272 365 365
526 200000 | 402 244 406 406
550 200000 | 414 293 393 393
541 200000 | 398 266 418 418
539 200000 | 407 271 400 400
533 200000 | 402 265 399 399
519 200000 | 372 270 396 396
522 200000 | 388 264 392 392
560 200000 | 418 297 405 405
529 200000 | 392 259 407 407
548 200000 | 409 282 405 405
504 200000 | 403 220 385 385
514 200000 | 376 256 396 396
551 200000 | 405 291 406 406
560 200000 | 420 272 428 428
537 200000 | 411 256 407 407
520 200000 | 385 270 385 385
583 200000 | 428 289 449 449
551 200000 | 418 282 402 402
527 200000 | 391 261 402 402
562 200000 | 444 265 415 415
551 200000 | 402 298 402 402
533 200000 | 394 272 400 400
546 200000 | 395 289 408 408
538 200000 | 408 273 395 395
515 200000 | 371 249 410 410
546 200000 | 418 271 403 403
568 200000 | 432 287 417 417
556 200000 | 424 272 416 416
516 200000 | 407 237 388 388
526 200000 | 383 257 412 412
505 200000 | 387 250 373 373
553 200000 | 404 278 424 424
559 200000 | 404 286 428 428
590 200000 | 440 306 434 434
575 200000 | 421 288 441 441
499 200000 | 353 273 372 372
539 200000 | 388 272 418 418
531 200000 | 384 273 405 405
538 200000 | 401 264 411 411
519 200000 | 387 276 375 375
519 200000 | 382 264 392 392
544 200000 | 406 261 421 421
555 200000 | 411 274 425 425
564 200000 | 401 290 437 437
532 200000 | 383 259 422 422
532 200000 | 417 237 410 410
504 200000 | 373 235 400 400
574 200000 | 420 292 436 436
