209 200000 | 206 207 5 5
212 200000 | 204 212 8 8
201 200000 | 194 201 7 7
200 200000 | 199 200 1 1
220 200000 | 214 220 6 6
230 200000 | 222 229 9 9
211 200000 | 207 211 4 4
214 200000 | 209 213 6 6
230 200000 | 227 230 3 3
204 200000 | 198 204 6 6
195 200000 | 195 195 0 0
221 200000 | 216 221 5 5
216 200000 | 209 216 7 7
208 200000 | 201 206 9 9
209 200000 | 203 206 9 9
189 200000 | 189 188 1 1
216 200000 | 206 216 10 10
194 200000 | 188 193 7 7
217 200000 | 212 217 5 5
199 200000 | 195 197 6 6
198 200000 | 194 197 5 5
207 200000 | 202 207 5 5
233 200000 | 229 233 4 4
199 200000 | 195 199 4 4
228 200000 | 226 227 3 3
208 200000 | 204 207 5 5
216 200000 | 212 216 4 4
200 200000 | 192 200 8 8
160 200000 | 158 160 2 2
210 200000 | 206 208 6 6
209 200000 | 201 208 9 9
206 200000 | 203 206 3 3
200 200000 | 193 199 8 8
196 200000 | 191 196 5 5
183 200000 | 176 182 8 8
220 200000 | 218 220 2 2
215 200000 | 213 214 3 3
218 200000 | 213 218 5 5
200 200000 | 197 200 3 3
195 200000 | 193 195 2 2
223 200000 | 219 222 5 5
191 200000 | 186 191 5 5
188 200000 | 183 187 6 6
222 200000 | 219 221 4 4
196 200000 | 188 195 9 9
171 200000 | 166 171 5 5
192 200000 | 187 192 5 5
193 200000 | 184 192 10 10
193 200000 | 190 192 4 4
208 200000 | 206 207 3 3
207 200000 | 205 207 2 2
202 200000 | 197 202 5 5
203 200000 | 196 203 7 7
201 200000 | 197 201 4 4
209 200000 | 206 208 4 4
183 200000 | 180 183 3 3
193 200000 | 186 193 7 7
209 200000 | 205 208 5 5
178 200000 | 173 178 5 5
200 200000 | 195 199 6 6
187 200000 | 182 187 5 5
197 200000 | 186 197 11 11
213 200000 | 211 213 2 2
200 200000 | 195 200 5 5
235 200000 | 231 234 5 5
190 200000 | 187 190 3 3
171 200000 | 167 171 4 4
218 200000 | 214 218 4 4
210 200000 | 205 210 5 5
187 200000 | 183 187 4 4
188 200000 | 183 186 7 7
208 200000 | 201 208 7 7
207 200000 | 203 207 4 4
210 200000 | 207 210 3 3
200 200000 | 195 200 5 5
215 200000 | 212 214 4 4
199 200000 | 190 199 9 9
247 200000 | 241 247 6 6
216 200000 | 210 216 6 6
192 200000 | 186 192 6 6
189 200000 | 183 189 6 6
206 200000 | 204 205 3 3
216 200000 | 214 216 2 2
189 200000 | 184 189 5 5
221 200000 | 219 220 3 3
206 200000 | 203 206 3 3
222 200000 | 219 222 3 3
220 200000 | 214 220 6 6
222 200000 | 219 222 3 3
211 200000 | 207 211 4 4
203 200000 | 201 202 3 3
180 200000 | 173 179 8 8
200 200000 | 198 199 3 3
180 200000 | 178 180 2 2
190 200000 | 187 190 3 3
201 200000 | 197 200 5 5
186 200000 | 184 186 2 2
221 200000 | 216 220 6 6
230 200000 | 227 230 3 3
181 200000 | 177 181 4 4
217 200000 | 210 217 7 7
225 200000 | 222 224 4 4
213 200000 | 209 213 4 4
201 200000 | 199 200 3 3
189 200000 | 185 188 5 5
214 200000 | 210 214 4 4
199 200000 | 196 199 3 3
199 200000 | 196 199 3 3
213 200000 | 210 211 5 5
172 200000 | 167 172 5 5
183 200000 | 180 183 3 3
234 200000 | 233 234 1 1
182 200000 | 174 182 8 8
187 200000 | 182 187 5 5
203 200000 | 194 202 10 10
213 200000 | 209 213 4 4
190 200000 | 187 189 4 4
219 200000 | 212 219 7 7
213 200000 | 208 212 6 6
204 200000 | 197 203 8 8
200 200000 | 196 200 4 4
223 200000 | 215 222 9 9
222 200000 | 221 222 1 1
180 200000 | 175 180 5 5
212 200000 | 208 211 5 5
183 200000 | 179 183 4 4
203 200000 | 197 202 7 7
185 200000 | 184 185 1 1
208 200000 | 206 207 3 3
181 200000 | 173 181 8 8
204 200000 | 202 204 2 2
202 200000 | 196 202 6 6
208 200000 | 201 207 8 8
210 200000 | 206 210 4 4
202 200000 | 196 202 6 6
214 200000 | 207 214 7 7
194 200000 | 191 193 4 4
196 200000 | 188 196 8 8
199 200000 | 194 199 5 5
204 200000 | 197 202 9 9
196 200000 | 192 195 5 5
175 200000 | 173 175 2 2
231 200000 | 226 231 5 5
198 200000 | 195 197 4 4
241 200000 | 238 241 3 3
204 200000 | 194 204 10 10
202 200000 | 196 202 6 6
203 200000 | 198 203 5 5
204 200000 | 202 202 4 4
167 200000 | 162 166 6 6
218 200000 | 216 217 3 3
197 200000 | 193 194 7 7
203 200000 | 199 203 4 4
206 200000 | 204 206 2 2
216 200000 | 210 216 6 6
190 200000 | 181 190 9 9
195 200000 | 191 193 6 6
199 200000 | 196 198 4 4
182 200000 | 178 181 5 5
224 200000 | 217 224 7 7
216 200000 | 211 216 5 5
195 200000 | 190 194 6 6
181 200000 | 179 181 2 2
198 200000 | 197 197 2 2
197 200000 | 193 197 4 4
232 200000 | 224 232 8 8
185 200000 | 184 185 1 1
228 200000 | 224 228 4 4
179 200000 | 176 178 4 4
214 200000 | 208 213 7 7
223 200000 | 219 223 4 4
197 200000 | 193 196 5 5
174 200000 | 172 174 2 2
183 200000 | 174 183 9 9
184 200000 | 180 184 4 4
186 200000 | 177 185 10 10
186 200000 | 180 186 6 6
200 200000 | 196 200 4 4
206 200000 | 204 206 2 2
195 200000 | 192 195 3 3
208 200000 | 202 207 7 7
226 200000 | 221 225 6 6
234 200000 | 231 234 3 3
195 200000 | 191 195 4 4
217 200000 | 212 217 5 5
202 200000 | 193 202 9 9
204 200000 | 198 203 7 7
216 200000 | 213 215 4 4
205 200000 | 201 205 4 4
201 200000 | 196 201 5 5
190 200000 | 185 190 5 5
180 200000 | 179 180 1 1
196 200000 | 191 196 5 5
189 200000 | 185 188 5 5
150 200000 | 146 150 4 4
209 200000 | 205 209 4 4
193 200000 | 186 192 8 8
203 200000 | 200 203 3 3
205 200000 | 199 204 7 7
201 200000 | 196 201 5 5
240 200000 | 236 239 5 5
197 200000 | 194 197 3 3
217 200000 | 210 217 7 7
173 200000 | 170 172 4 4
205 200000 | 200 204 6 6
230 200000 | 228 229 3 3
190 200000 | 188 189 3 3
199 200000 | 195 197 6 6
194 200000 | 193 193 2 2
212 200000 | 208 210 6 6
199 200000 | 196 198 4 4
219 200000 | 215 217 6 6
229 200000 | 224 229 5 5
169 200000 | 161 169 8 8
186 200000 | 186 186 0 0
192 200000 | 190 192 2 2
194 200000 | 193 193 2 2
245 200000 | 242 244 4 4
208 200000 | 200 208 8 8
221 200000 | 217 221 4 4
199 200000 | 195 198 5 5
197 200000 | 195 197 2 2
206 200000 | 202 206 4 4
193 200000 | 187 193 6 6
210 200000 | 206 210 4 4
213 200000 | 211 213 2 2
228 200000 | 225 227 4 4
205 200000 | 200 205 5 5
196 200000 | 188 196 8 8
200 200000 | 195 200 5 5
173 200000 | 169 173 4 4
210 200000 | 205 210 5 5
222 200000 | 217 222 5 5
192 200000 | 189 192 3 3
225 200000 | 223 225 2 2
206 200000 | 203 206 3 3
200 200000 | 193 200 7 7
180 200000 | 175 178 7 7
212 200000 | 206 211 7 7
215 200000 | 215 215 0 0
179 200000 | 172 179 7 7
228 200000 | 225 226 5 5
208 200000 | 203 206 7 7
164 200000 | 160 164 4 4
197 200000 | 189 197 8 8
227 200000 | 225 227 2 2
194 200000 | 194 194 0 0
