1524 200000 | 1376 768 904 904
1510 200000 | 1355 737 928 928
1451 200000 | 1296 746 860 860
1501 200000 | 1358 756 888 888
1444 200000 | 1296 738 854 854
1484 200000 | 1350 741 877 877
1494 200000 | 1363 727 898 898
1457 200000 | 1316 716 882 882
1478 200000 | 1327 717 912 912
1471 200000 | 1340 697 905 905
1547 200000 | 1400 751 943 943
1485 200000 | 1358 685 927 927
1517 200000 | 1383 757 894 894
1489 200000 | 1335 717 926 926
1502 200000 | 1354 718 932 932
1466 200000 | 1309 706 917 917
1465 200000 | 1338 742 850 850
1475 200000 | 1342 701 907 907
1471 200000 | 1330 708 904 904
1482 200000 | 1349 732 883 883
1551 200000 | 1406 754 942 942
1510 200000 | 1349 735 936 936
1562 200000 | 1410 772 942 942
1518 200000 | 1355 753 928 928
1545 200000 | 1384 739 967 967
1471 200000 | 1331 713 898 898
1552 200000 | 1395 710 999 999
1483 200000 | 1330 705 931 931
1535 200000 | 1382 741 947 947
1548 200000 | 1388 751 957 957
1496 200000 | 1363 730 899 899
1527 200000 | 1375 741 938 938
1496 200000 | 1346 756 890 890
1427 200000 | 1296 665 893 893
