69 200000 | 68 19 51 51
65 200000 | 65 21 44 44
61 200000 | 61 29 32 32
61 200000 | 61 25 36 36
70 200000 | 70 29 41 41
70 200000 | 70 20 50 50
67 200000 | 67 18 49 49
75 200000 | 74 34 42 42
62 200000 | 61 27 36 36
56 200000 | 56 19 37 37
57 200000 | 57 28 29 29
67 200000 | 67 24 43 43
57 200000 | 57 19 38 38
62 200000 | 62 19 43 43
50 200000 | 50 13 37 37
51 200000 | 51 18 33 33
72 200000 | 69 25 50 50
64 200000 | 64 20 44 44
51 200000 | 51 15 36 36
55 200000 | 53 12 45 45
59 200000 | 59 25 34 34
50 200000 | 50 18 32 32
60 200000 | 60 24 36 36
59 200000 | 58 23 37 37
48 200000 | 48 18 30 30
60 200000 | 59 19 42 42
69 200000 | 69 24 45 45
58 200000 | 58 20 38 38
69 200000 | 69 22 47 47
60 200000 | 60 23 37 37
73 200000 | 73 23 50 50
43 200000 | 42 12 32 32
57 200000 | 57 22 35 35
66 200000 | 66 23 43 43
49 200000 | 49 15 34 34
65 200000 | 62 22 46 46
48 200000 | 48 17 31 31
54 200000 | 54 17 37 37
71 200000 | 71 28 43 43
68 200000 | 68 24 44 44
56 200000 | 56 17 39 39
59 200000 | 59 17 42 42
61 200000 | 60 18 44 44
53 200000 | 53 16 37 37
53 200000 | 53 18 35 35
50 200000 | 50 21 29 29
71 200000 | 71 17 54 54
48 200000 | 48 22 26 26
63 200000 | 63 19 44 44
40 200000 | 40 14 26 26
41 200000 | 41 17 24 24
59 200000 | 59 19 40 40
53 200000 | 53 25 28 28
66 200000 | 66 23 43 43
68 200000 | 68 30 38 38
56 200000 | 56 17 39 39
66 200000 | 66 28 38 38
67 200000 | 67 22 45 45
67 200000 | 67 19 48 48
49 200000 | 49 26 23 23
59 200000 | 59 18 41 41
77 200000 | 75 28 51 51
58 200000 | 58 19 39 39
53 200000 | 53 13 40 40
54 200000 | 54 19 35 35
60 200000 | 60 22 38 38
65 200000 | 65 20 45 45
69 200000 | 69 21 48 48
65 200000 | 65 26 39 39
64 200000 | 62 26 40 40
64 200000 | 63 19 46 46
56 200000 | 56 18 38 38
56 200000 | 55 21 36 36
60 200000 | 60 25 35 35
46 200000 | 46 16 30 30
58 200000 | 58 25 33 33
50 200000 | 50 22 28 28
53 200000 | 53 18 35 35
69 200000 | 67 22 49 49
64 200000 | 64 26 38 38
72 200000 | 72 23 49 49
55 200000 | 55 21 34 34
67 200000 | 67 20 47 47
68 200000 | 68 29 39 39
57 200000 | 57 18 39 39
59 200000 | 59 21 38 38
73 200000 | 73 25 48 48
63 200000 | 63 23 40 40
63 200000 | 62 22 42 42
60 200000 | 60 22 38 38
62 200000 | 60 32 32 32
39 200000 | 39 16 23 23
52 200000 | 51 17 36 36
58 200000 | 58 17 41 41
65 200000 | 65 28 37 37
60 200000 | 60 15 45 45
62 200000 | 62 22 40 40
67 200000 | 67 28 39 39
54 200000 | 53 22 33 33
46 200000 | 46 16 30 30
50 200000 | 49 12 39 39
63 200000 | 62 26 38 38
55 200000 | 54 15 41 41
65 200000 | 65 22 43 43
40 200000 | 39 15 26 26
74 200000 | 73 26 49 49
60 200000 | 59 21 40 40
60 200000 | 60 16 44 44
63 200000 | 62 23 41 41
51 200000 | 51 22 29 29
52 200000 | 52 12 40 40
49 200000 | 49 14 35 35
63 200000 | 63 20 43 43
62 200000 | 62 17 45 45
56 200000 | 56 26 30 30
58 200000 | 58 15 43 43
57 200000 | 57 19 38 38
56 200000 | 55 16 41 41
64 200000 | 64 24 40 40
65 200000 | 65 31 34 34
67 200000 | 67 19 48 48
56 200000 | 55 19 38 38
63 200000 | 63 18 45 45
54 200000 | 54 18 36 36
60 200000 | 59 25 36 36
59 200000 | 59 21 38 38
48 200000 | 47 16 33 33
52 200000 | 52 15 37 37
47 200000 | 47 13 34 34
50 200000 | 49 20 31 31
60 200000 | 60 17 43 43
55 200000 | 54 18 38 38
50 200000 | 49 19 32 32
50 200000 | 50 13 37 37
50 200000 | 49 13 38 38
63 200000 | 63 14 49 49
66 200000 | 66 17 49 49
68 200000 | 68 27 41 41
47 200000 | 46 25 23 23
59 200000 | 59 20 39 39
61 200000 | 60 21 41 41
59 200000 | 59 22 37 37
47 200000 | 47 20 27 27
52 200000 | 52 20 32 32
46 200000 | 46 16 30 30
71 200000 | 71 22 49 49
54 200000 | 53 12 43 43
61 200000 | 61 17 44 44
61 200000 | 61 21 40 40
62 200000 | 61 21 42 42
64 200000 | 64 21 43 43
59 200000 | 59 23 36 36
59 200000 | 59 19 40 40
43 200000 | 42 11 33 33
66 200000 | 66 19 47 47
63 200000 | 63 26 37 37
62 200000 | 61 18 45 45
53 200000 | 53 19 34 34
54 200000 | 54 18 36 36
76 200000 | 76 25 51 51
81 200000 | 80 30 52 52
53 200000 | 53 17 36 36
68 200000 | 67 28 41 41
68 200000 | 68 32 36 36
74 200000 | 74 19 55 55
63 200000 | 63 23 40 40
72 200000 | 72 27 45 45
50 200000 | 50 17 33 33
62 200000 | 60 16 48 48
59 200000 | 59 19 40 40
69 200000 | 68 31 39 39
63 200000 | 63 25 38 38
64 200000 | 64 25 39 39
55 200000 | 54 21 35 35
57 200000 | 57 14 43 43
63 200000 | 63 15 48 48
53 200000 | 52 14 40 40
55 200000 | 55 18 37 37
58 200000 | 58 25 33 33
61 200000 | 60 17 45 45
63 200000 | 63 24 39 39
66 200000 | 65 22 45 45
66 200000 | 66 18 48 48
59 200000 | 59 23 36 36
58 200000 | 58 22 36 36
69 200000 | 68 28 42 42
65 200000 | 65 18 47 47
55 200000 | 55 20 35 35
59 200000 | 58 17 43 43
37 200000 | 37 12 25 25
36 200000 | 36 15 21 21
50 200000 | 50 19 31 31
56 200000 | 55 20 37 37
59 200000 | 58 23 37 37
61 200000 | 60 25 37 37
49 200000 | 48 15 35 35
59 200000 | 59 15 44 44
57 200000 | 57 20 37 37
57 200000 | 57 19 38 38
70 200000 | 70 31 39 39
66 200000 | 66 24 42 42
64 200000 | 63 24 41 41
55 200000 | 55 21 34 34
63 200000 | 62 18 46 46
62 200000 | 61 20 43 43
49 200000 | 48 15 35 35
70 200000 | 68 22 50 50
62 200000 | 62 20 42 42
61 200000 | 61 28 33 33
54 200000 | 53 15 40 40
57 200000 | 57 21 36 36
63 200000 | 61 28 37 37
74 200000 | 73 29 46 46
69 200000 | 68 21 49 49
60 200000 | 59 19 42 42
82 200000 | 82 27 55 55
63 200000 | 62 22 42 42
65 200000 | 65 30 35 35
60 200000 | 60 23 37 37
54 200000 | 54 11 43 43
63 200000 | 63 22 41 41
51 200000 | 51 20 31 31
71 200000 | 71 22 49 49
62 200000 | 62 21 41 41
59 200000 | 58 28 32 32
64 200000 | 64 16 48 48
58 200000 | 57 14 45 45
61 200000 | 60 23 39 39
51 200000 | 51 14 37 37
57 200000 | 57 16 41 41
69 200000 | 69 28 41 41
44 200000 | 44 16 28 28
60 200000 | 59 22 39 39
67 200000 | 67 21 46 46
59 200000 | 59 18 41 41
73 200000 | 73 29 44 44
61 200000 | 61 27 34 34
45 200000 | 44 12 34 34
59 200000 | 58 28 32 32
68 200000 | 68 22 46 46
58 200000 | 58 19 39 39
59 200000 | 59 19 40 40
61 200000 | 61 22 39 39
67 200000 | 67 31 36 36
63 200000 | 62 18 46 46
70 200000 | 70 19 51 51
66 200000 | 65 20 47 47
68 200000 | 68 27 41 41
66 200000 | 65 30 37 37
49 200000 | 49 16 33 33
53 200000 | 52 18 36 36
57 200000 | 56 16 42 42
62 200000 | 61 26 37 37
64 200000 | 64 22 42 42
50 200000 | 50 12 38 38
53 200000 | 53 20 33 33
76 200000 | 75 22 55 55
47 200000 | 47 22 25 25
64 200000 | 64 22 42 42
55 200000 | 55 18 37 37
57 200000 | 56 15 43 43
55 200000 | 55 24 31 31
75 200000 | 75 14 61 61
56 200000 | 55 23 34 34
54 200000 | 54 26 28 28
46 200000 | 46 17 29 29
56 200000 | 54 20 38 38
70 200000 | 70 28 42 42
59 200000 | 59 18 41 41
50 200000 | 50 11 39 39
52 200000 | 51 18 35 35
65 200000 | 65 16 49 49
54 200000 | 54 16 38 38
62 200000 | 62 18 44 44
51 200000 | 51 18 33 33
52 200000 | 51 18 35 35
62 200000 | 62 22 40 40
58 200000 | 58 16 42 42
59 200000 | 58 21 39 39
59 200000 | 58 22 38 38
69 200000 | 68 26 44 44
54 200000 | 54 18 36 36
56 200000 | 55 16 41 41
53 200000 | 53 26 27 27
61 200000 | 61 22 39 39
60 200000 | 59 22 39 39
55 200000 | 55 24 31 31
54 200000 | 53 15 40 40
58 200000 | 57 22 37 37
51 200000 | 50 18 34 34
63 200000 | 63 21 42 42
57 200000 | 56 23 35 35
59 200000 | 59 13 46 46
49 200000 | 49 22 27 27
57 200000 | 56 19 39 39
52 200000 | 51 17 36 36
65 200000 | 65 26 39 39
59 200000 | 59 18 41 41
61 200000 | 61 29 32 32
63 200000 | 62 20 44 44
60 200000 | 60 18 42 42
67 200000 | 66 24 44 44
54 200000 | 53 16 39 39
55 200000 | 55 23 32 32
74 200000 | 73 26 49 49
48 200000 | 46 19 31 31
47 200000 | 47 17 30 30
70 200000 | 69 26 45 45
52 200000 | 51 15 38 38
56 200000 | 56 16 40 40
57 200000 | 56 19 39 39
59 200000 | 58 26 34 34
59 200000 | 59 19 40 40
51 200000 | 51 20 31 31
72 200000 | 71 29 44 44
56 200000 | 56 20 36 36
69 200000 | 69 17 52 52
54 200000 | 53 17 38 38
71 200000 | 70 30 42 42
54 200000 | 54 20 34 34
72 200000 | 72 21 51 51
52 200000 | 52 20 32 32
60 200000 | 59 18 43 43
60 200000 | 60 22 38 38
63 200000 | 63 17 46 46
59 200000 | 58 30 30 30
61 200000 | 61 19 42 42
63 200000 | 63 17 46 46
52 200000 | 51 16 37 37
55 200000 | 55 21 34 34
63 200000 | 62 20 44 44
63 200000 | 62 24 40 40
57 200000 | 57 25 32 32
55 200000 | 55 15 40 40
54 200000 | 54 12 42 42
51 200000 | 51 15 36 36
49 200000 | 49 13 36 36
50 200000 | 50 17 33 33
62 200000 | 62 22 40 40
69 200000 | 69 23 46 46
73 200000 | 73 25 48 48
53 200000 | 53 21 32 32
55 200000 | 55 24 31 31
55 200000 | 55 18 37 37
52 200000 | 51 15 38 38
65 200000 | 65 26 39 39
62 200000 | 62 24 38 38
57 200000 | 56 18 40 40
68 200000 | 68 32 36 36
54 200000 | 54 18 36 36
77 200000 | 77 27 50 50
50 200000 | 50 16 34 34
55 200000 | 55 16 39 39
51 200000 | 51 13 38 38
55 200000 | 54 21 35 35
63 200000 | 63 18 45 45
58 200000 | 58 24 34 34
55 200000 | 55 20 35 35
54 200000 | 53 16 39 39
64 200000 | 64 21 43 43
57 200000 | 57 15 42 42
66 200000 | 63 23 46 46
54 200000 | 52 19 37 37
50 200000 | 50 12 38 38
68 200000 | 67 24 45 45
53 200000 | 53 15 38 38
61 200000 | 61 23 38 38
68 200000 | 68 26 42 42
55 200000 | 55 20 35 35
60 200000 | 60 18 42 42
62 200000 | 62 23 39 39
72 200000 | 72 23 49 49
59 200000 | 59 25 34 34
61 200000 | 61 24 37 37
57 200000 | 57 20 37 37
60 200000 | 60 20 40 40
55 200000 | 55 16 39 39
66 200000 | 66 19 47 47
64 200000 | 64 25 39 39
59 200000 | 59 15 44 44
66 200000 | 66 18 48 48
60 200000 | 60 24 36 36
65 200000 | 65 27 38 38
63 200000 | 62 22 42 42
56 200000 | 56 15 41 41
58 200000 | 58 20 38 38
51 200000 | 50 17 35 35
64 200000 | 63 30 35 35
52 200000 | 51 15 38 38
57 200000 | 57 12 45 45
48 200000 | 45 25 26 26
56 200000 | 56 12 44 44
64 200000 | 64 17 47 47
60 200000 | 60 17 43 43
61 200000 | 61 19 42 42
66 200000 | 64 28 40 40
69 200000 | 69 27 42 42
63 200000 | 63 22 41 41
53 200000 | 53 18 35 35
48 200000 | 48 25 23 23
51 200000 | 51 20 31 31
61 200000 | 61 16 45 45
58 200000 | 57 21 38 38
65 200000 | 64 16 50 50
64 200000 | 63 29 36 36
46 200000 | 44 16 32 32
63 200000 | 63 25 38 38
61 200000 | 61 25 36 36
55 200000 | 54 21 35 35
57 200000 | 56 13 45 45
63 200000 | 62 21 43 43
55 200000 | 55 18 37 37
64 200000 | 64 19 45 45
46 200000 | 46 16 30 30
58 200000 | 58 20 38 38
61 200000 | 61 30 31 31
57 200000 | 56 19 39 39
65 200000 | 65 19 46 46
61 200000 | 60 16 46 46
66 200000 | 66 25 41 41
69 200000 | 69 28 41 41
60 200000 | 60 23 37 37
60 200000 | 60 21 39 39
70 200000 | 70 26 44 44
59 200000 | 59 13 46 46
71 200000 | 71 23 48 48
61 200000 | 61 14 47 47
66 200000 | 65 21 46 46
56 200000 | 56 22 34 34
61 200000 | 61 22 39 39
59 200000 | 59 20 39 39
53 200000 | 53 13 40 40
51 200000 | 51 17 34 34
51 200000 | 51 19 32 32
45 200000 | 45 11 34 34
61 200000 | 61 25 36 36
49 200000 | 49 20 29 29
47 200000 | 47 21 26 26
62 200000 | 62 14 48 48
70 200000 | 70 28 42 42
50 200000 | 50 17 33 33
60 200000 | 59 19 42 42
69 200000 | 69 23 46 46
70 200000 | 70 24 46 46
57 200000 | 57 19 38 38
52 200000 | 52 16 36 36
64 200000 | 63 24 41 41
50 200000 | 50 17 33 33
61 200000 | 60 14 48 48
51 200000 | 51 11 40 40
61 200000 | 61 21 40 40
50 200000 | 50 16 34 34
63 200000 | 63 23 40 40
63 200000 | 63 19 44 44
51 200000 | 51 21 30 30
65 200000 | 65 26 39 39
65 200000 | 65 20 45 45
57 200000 | 57 14 43 43
65 200000 | 65 18 47 47
67 200000 | 67 16 51 51
60 200000 | 60 15 45 45
62 200000 | 62 18 44 44
48 200000 | 48 11 37 37
56 200000 | 55 16 41 41
60 200000 | 60 24 36 36
67 200000 | 67 22 45 45
60 200000 | 60 19 41 41
62 200000 | 62 22 40 40
70 200000 | 70 23 47 47
57 200000 | 57 21 36 36
63 200000 | 62 19 45 45
66 200000 | 66 20 46 46
54 200000 | 54 19 35 35
51 200000 | 50 15 37 37
73 200000 | 70 17 59 59
63 200000 | 62 27 37 37
58 200000 | 57 21 38 38
61 200000 | 61 27 34 34
58 200000 | 57 24 35 35
66 200000 | 65 23 44 44
50 200000 | 49 18 33 33
61 200000 | 61 22 39 39
57 200000 | 57 16 41 41
62 200000 | 61 24 39 39
54 200000 | 54 14 40 40
53 200000 | 53 16 37 37
51 200000 | 51 19 32 32
60 200000 | 60 19 41 41
72 200000 | 72 18 54 54
52 200000 | 51 11 42 42
62 200000 | 62 17 45 45
59 200000 | 59 16 43 43
69 200000 | 69 17 52 52
51 200000 | 50 16 36 36
58 200000 | 58 23 35 35
66 200000 | 65 25 42 42
60 200000 | 60 19 41 41
75 200000 | 75 26 49 49
56 200000 | 55 16 41 41
69 200000 | 68 26 44 44
59 200000 | 58 19 41 41
54 200000 | 54 18 36 36
64 200000 | 64 19 45 45
65 200000 | 65 19 46 46
61 200000 | 60 18 44 44
53 200000 | 53 18 35 35
77 200000 | 77 37 40 40
51 200000 | 51 19 32 32
54 200000 | 54 15 39 39
69 200000 | 69 27 42 42
65 200000 | 65 23 42 42
57 200000 | 57 22 35 35
58 200000 | 56 15 45 45
68 200000 | 68 22 46 46
68 200000 | 68 25 43 43
71 200000 | 71 20 51 51
55 200000 | 54 23 33 33
55 200000 | 55 17 38 38
52 200000 | 52 15 37 37
58 200000 | 58 18 40 40
67 200000 | 67 21 46 46
57 200000 | 56 13 45 45
69 200000 | 68 25 45 45
57 200000 | 57 22 35 35
44 200000 | 44 16 28 28
54 200000 | 53 19 36 36
63 200000 | 63 23 40 40
64 200000 | 64 21 43 43
72 200000 | 70 24 50 50
47 200000 | 47 19 28 28
57 200000 | 57 18 39 39
72 200000 | 72 22 50 50
65 200000 | 65 23 42 42
67 200000 | 65 20 49 49
62 200000 | 60 22 42 42
49 200000 | 49 20 29 29
63 200000 | 63 21 42 42
60 200000 | 59 23 38 38
58 200000 | 58 16 42 42
60 200000 | 60 17 43 43
64 200000 | 63 19 46 46
59 200000 | 59 17 42 42
58 200000 | 57 24 35 35
58 200000 | 58 25 33 33
59 200000 | 57 14 47 47
59 200000 | 58 25 35 35
60 200000 | 60 15 45 45
49 200000 | 49 22 27 27
66 200000 | 65 18 49 49
66 200000 | 66 23 43 43
52 200000 | 52 20 32 32
69 200000 | 69 28 41 41
47 200000 | 47 20 27 27
54 200000 | 54 17 37 37
67 200000 | 66 22 46 46
56 200000 | 56 16 40 40
63 200000 | 63 18 45 45
67 200000 | 66 29 39 39
73 200000 | 73 28 45 45
60 200000 | 60 22 38 38
44 200000 | 44 16 28 28
69 200000 | 68 27 43 43
53 200000 | 53 15 38 38
57 200000 | 57 23 34 34
70 200000 | 70 22 48 48
56 200000 | 54 19 39 39
66 200000 | 66 22 44 44
71 200000 | 70 27 45 45
64 200000 | 64 26 38 38
72 200000 | 72 24 48 48
62 200000 | 61 23 40 40
58 200000 | 57 21 38 38
54 200000 | 54 18 36 36
57 200000 | 57 17 40 40
54 200000 | 54 13 41 41
50 200000 | 48 16 36 36
47 200000 | 47 9 38 38
47 200000 | 47 10 37 37
48 200000 | 47 15 34 34
56 200000 | 56 19 37 37
58 200000 | 57 21 38 38
82 200000 | 82 18 64 64
71 200000 | 71 21 50 50
62 200000 | 61 28 35 35
47 200000 | 47 17 30 30
63 200000 | 63 19 44 44
62 200000 | 62 17 45 45
64 200000 | 64 26 38 38
60 200000 | 60 21 39 39
56 200000 | 56 21 35 35
54 200000 | 54 14 40 40
59 200000 | 59 20 39 39
60 200000 | 60 18 42 42
58 200000 | 57 19 40 40
58 200000 | 58 21 37 37
75 200000 | 74 30 46 46
69 200000 | 68 23 47 47
49 200000 | 49 11 38 38
63 200000 | 62 24 40 40
55 200000 | 55 22 33 33
61 200000 | 61 27 34 34
60 200000 | 58 18 44 44
60 200000 | 59 23 38 38
63 200000 | 62 24 40 40
54 200000 | 54 11 43 43
53 200000 | 53 21 32 32
63 200000 | 62 26 38 38
77 200000 | 77 26 51 51
60 200000 | 59 20 41 41
48 200000 | 48 10 38 38
51 200000 | 51 12 39 39
66 200000 | 66 29 37 37
67 200000 | 67 19 48 48
56 200000 | 56 15 41 41
51 200000 | 51 19 32 32
43 200000 | 42 12 32 32
63 200000 | 63 20 43 43
63 200000 | 63 18 45 45
70 200000 | 70 23 47 47
63 200000 | 61 19 46 46
62 200000 | 61 24 39 39
54 200000 | 53 15 40 40
58 200000 | 57 22 37 37
62 200000 | 62 23 39 39
53 200000 | 53 19 34 34
51 200000 | 51 23 28 28
70 200000 | 70 25 45 45
55 200000 | 55 15 40 40
45 200000 | 44 19 27 27
79 200000 | 78 29 51 51
52 200000 | 52 18 34 34
58 200000 | 58 20 38 38
65 200000 | 65 19 46 46
58 200000 | 56 21 39 39
72 200000 | 71 20 53 53
89 200000 | 89 31 58 58
62 200000 | 60 21 43 43
56 200000 | 55 15 42 42
61 200000 | 61 22 39 39
72 200000 | 71 24 49 49
68 200000 | 67 26 43 43
70 200000 | 70 17 53 53
72 200000 | 70 19 55 55
49 200000 | 49 12 37 37
52 200000 | 52 17 35 35
60 200000 | 60 25 35 35
50 200000 | 50 20 30 30
63 200000 | 62 19 45 45
66 200000 | 65 30 37 37
58 200000 | 58 16 42 42
