33355 44601 | 22299 22255 22156 22156
33511 44601 | 22273 22268 22481 22481
33440 44601 | 22098 22430 22352 22352
33488 44601 | 22369 22140 22467 22467
33298 44601 | 22070 22192 22334 22334
33302 44601 | 22166 22181 22257 22257
33426 44601 | 22204 22290 22358 22358
38312 51365 | 25590 25567 25467 25467
38419 51365 | 25678 25645 25515 25515
38347 51365 | 25676 25602 25416 25416
38387 51365 | 25559 25780 25435 25435
38667 51365 | 25774 25629 25931 25931
38645 51365 | 25803 25833 25654 25654
6976 9316 | 4668 4612 4672 4672
6963 9316 | 4633 4677 4616 4616
7007 9316 | 4683 4700 4631 4631
6900 9316 | 4578 4637 4585 4585
6983 9316 | 4647 4621 4698 4698
7037 9316 | 4687 4707 4680 4680
