178 300000 | 97 117 142 142
175 300000 | 84 117 149 149
192 300000 | 105 125 154 154
188 300000 | 96 125 155 155
182 300000 | 97 118 149 149
171 300000 | 88 109 145 145
192 300000 | 108 125 151 151
155 300000 | 74 107 129 129
201 300000 | 96 149 157 157
158 300000 | 74 110 132 132
166 300000 | 92 109 131 131
176 300000 | 68 131 153 153
169 300000 | 85 104 149 149
190 300000 | 101 119 160 160
187 300000 | 91 128 155 155
186 300000 | 94 123 155 155
168 300000 | 83 119 134 134
203 300000 | 114 124 168 168
182 300000 | 93 120 151 151
169 300000 | 89 104 145 145
160 300000 | 84 103 133 133
206 300000 | 106 140 166 166
204 300000 | 104 144 160 160
159 300000 | 82 115 121 121
169 300000 | 72 122 144 144
185 300000 | 103 117 150 150
194 300000 | 91 132 165 165
158 300000 | 87 97 132 132
