975 200000 | 951 953 46 46
965 200000 | 928 949 53 53
969 200000 | 938 950 50 50
1055 200000 | 1032 1021 57 57
1040 200000 | 1013 1023 44 44
1024 200000 | 1000 1001 47 47
971 200000 | 961 954 27 27
1021 200000 | 989 996 57 57
998 200000 | 975 975 46 46
1023 200000 | 1006 1003 37 37
1011 200000 | 985 984 53 53
1055 200000 | 1026 1035 49 49
1017 200000 | 990 986 58 58
977 200000 | 946 965 43 43
1002 200000 | 972 975 57 57
1018 200000 | 993 988 55 55
971 200000 | 946 947 49 49
969 200000 | 941 943 54 54
1009 200000 | 976 991 51 51
1048 200000 | 1018 1023 55 55
1089 200000 | 1070 1056 52 52
1049 200000 | 1028 1020 50 50
963 200000 | 945 942 39 39
1082 200000 | 1060 1065 39 39
1059 200000 | 1028 1033 57 57
1049 200000 | 1026 1022 50 50
1033 200000 | 1002 1013 51 51
962 200000 | 937 941 46 46
1013 200000 | 984 994 48 48
976 200000 | 953 950 49 49
1064 200000 | 1032 1045 51 51
1018 200000 | 999 1000 37 37
1065 200000 | 1041 1035 54 54
991 200000 | 972 965 45 45
1073 200000 | 1045 1052 49 49
1018 200000 | 994 992 50 50
972 200000 | 942 954 48 48
1064 200000 | 1032 1035 61 61
987 200000 | 964 962 48 48
1023 200000 | 1000 1002 44 44
1087 200000 | 1057 1067 50 50
1031 200000 | 998 1010 54 54
975 200000 | 950 955 45 45
1015 200000 | 983 996 51 51
1007 200000 | 983 982 49 49
1038 200000 | 1011 1012 53 53
1023 200000 | 997 1000 49 49
978 200000 | 950 955 51 51
985 200000 | 972 965 33 33
972 200000 | 938 946 60 60
