690 200000 | 356 681 343 343
672 200000 | 332 661 351 351
729 200000 | 364 722 372 372
653 200000 | 330 646 330 330
680 200000 | 350 671 339 339
689 200000 | 346 683 349 349
645 200000 | 313 636 341 341
653 200000 | 338 646 322 322
700 200000 | 363 690 347 347
700 200000 | 359 692 349 349
592 200000 | 306 581 297 297
692 200000 | 365 685 334 334
677 200000 | 330 663 361 361
642 200000 | 323 631 330 330
676 200000 | 330 660 362 362
633 200000 | 331 618 317 317
675 200000 | 339 667 344 344
724 200000 | 383 717 348 348
694 200000 | 354 681 353 353
706 200000 | 375 696 341 341
664 200000 | 346 656 326 326
689 200000 | 337 684 357 357
678 200000 | 336 668 352 352
697 200000 | 353 690 351 351
650 200000 | 320 638 342 342
693 200000 | 335 690 361 361
641 200000 | 329 635 318 318
708 200000 | 371 693 352 352
678 200000 | 336 667 353 353
692 200000 | 338 685 361 361
697 200000 | 334 684 376 376
660 200000 | 324 651 345 345
698 200000 | 335 688 373 373
705 200000 | 361 694 355 355
678 200000 | 343 664 349 349
616 200000 | 301 606 325 325
692 200000 | 349 678 357 357
672 200000 | 350 660 334 334
669 200000 | 341 658 339 339
656 200000 | 327 645 340 340
715 200000 | 368 706 356 356
666 200000 | 318 655 359 359
729 200000 | 379 723 356 356
634 200000 | 308 626 334 334
641 200000 | 313 636 333 333
692 200000 | 375 684 325 325
677 200000 | 343 668 343 343
602 200000 | 322 597 285 285
677 200000 | 339 671 344 344
672 200000 | 344 661 339 339
691 200000 | 342 682 358 358
667 200000 | 334 658 342 342
680 200000 | 349 669 342 342
734 200000 | 360 724 384 384
666 200000 | 324 661 347 347
689 200000 | 325 678 375 375
731 200000 | 344 721 397 397
682 200000 | 327 674 363 363
723 200000 | 363 710 373 373
703 200000 | 343 691 372 372
669 200000 | 333 662 343 343
662 200000 | 325 647 352 352
690 200000 | 339 685 356 356
646 200000 | 333 635 324 324
696 200000 | 350 689 353 353
676 200000 | 327 667 358 358
648 200000 | 329 638 329 329
668 200000 | 350 660 326 326
728 200000 | 350 720 386 386
678 200000 | 341 665 350 350
664 200000 | 318 658 352 352
659 200000 | 341 643 334 334
677 200000 | 327 665 362 362
671 200000 | 345 655 342 342
