698 200000 | 664 307 425 425
761 200000 | 730 353 439 439
708 200000 | 672 304 440 440
698 200000 | 658 304 434 434
730 200000 | 698 333 429 429
724 200000 | 687 326 435 435
700 200000 | 659 357 384 384
706 200000 | 671 319 422 422
713 200000 | 677 342 407 407
764 200000 | 718 339 471 471
702 200000 | 669 332 403 403
729 200000 | 698 330 430 430
734 200000 | 703 347 418 418
763 200000 | 731 346 449 449
725 200000 | 692 342 416 416
753 200000 | 722 333 451 451
737 200000 | 701 325 448 448
674 200000 | 646 313 389 389
720 200000 | 677 356 407 407
725 200000 | 669 347 434 434
711 200000 | 667 333 422 422
716 200000 | 690 331 411 411
705 200000 | 668 332 410 410
710 200000 | 676 346 398 398
719 200000 | 687 334 417 417
700 200000 | 664 329 407 407
744 200000 | 707 339 442 442
732 200000 | 694 341 429 429
722 200000 | 692 328 424 424
721 200000 | 689 315 438 438
731 200000 | 698 326 438 438
712 200000 | 684 302 438 438
715 200000 | 668 340 422 422
693 200000 | 659 339 388 388
683 200000 | 645 334 387 387
682 200000 | 654 283 427 427
745 200000 | 712 302 476 476
723 200000 | 682 330 434 434
725 200000 | 685 340 425 425
764 200000 | 735 352 441 441
705 200000 | 675 334 401 401
726 200000 | 683 321 448 448
790 200000 | 758 350 472 472
683 200000 | 642 306 418 418
693 200000 | 662 321 403 403
712 200000 | 681 313 430 430
706 200000 | 666 308 438 438
745 200000 | 711 329 450 450
708 200000 | 679 343 394 394
724 200000 | 683 335 430 430
683 200000 | 647 319 400 400
681 200000 | 652 313 397 397
729 200000 | 696 340 422 422
748 200000 | 708 342 446 446
720 200000 | 685 328 427 427
679 200000 | 643 306 409 409
732 200000 | 705 299 460 460
756 200000 | 708 358 446 446
765 200000 | 727 366 437 437
748 200000 | 709 354 433 433
725 200000 | 696 325 429 429
726 200000 | 697 301 454 454
674 200000 | 652 285 411 411
743 200000 | 708 321 457 457
705 200000 | 659 328 423 423
691 200000 | 655 321 406 406
760 200000 | 729 350 441 441
700 200000 | 656 326 418 418
676 200000 | 643 310 399 399
732 200000 | 699 306 459 459
