5 200000 | 4 5 1 1
2 200000 | 1 2 1 1
5 200000 | 4 5 1 1
4 200000 | 1 4 3 3
1 200000 | 0 1 1 1
2 200000 | 1 2 1 1
3 200000 | 1 3 2 2
2 200000 | 1 2 1 1
6 200000 | 5 6 1 1
3 200000 | 2 3 1 1
1 200000 | 1 1 0 0
6 200000 | 2 6 4 4
7 200000 | 7 7 0 0
5 200000 | 3 5 2 2
3 200000 | 2 3 1 1
4 200000 | 1 4 3 3
5 200000 | 5 5 0 0
4 200000 | 2 4 2 2
2 200000 | 1 2 1 1
5 200000 | 4 5 1 1
3 200000 | 3 3 0 0
6 200000 | 5 6 1 1
6 200000 | 5 6 1 1
3 200000 | 3 3 0 0
5 200000 | 3 5 2 2
2 200000 | 2 2 0 0
2 200000 | 0 2 2 2
5 200000 | 3 5 2 2
6 200000 | 4 6 2 2
4 200000 | 3 4 1 1
3 200000 | 2 3 1 1
4 200000 | 2 4 2 2
2 200000 | 2 2 0 0
2 200000 | 2 2 0 0
6 200000 | 5 6 1 1
2 200000 | 1 2 1 1
0 200000 | 0 0 0 0
2 200000 | 2 2 0 0
2 200000 | 1 2 1 1
1 200000 | 1 1 0 0
2 200000 | 1 2 1 1
5 200000 | 3 4 3 3
3 200000 | 3 3 0 0
2 200000 | 2 2 0 0
3 200000 | 1 3 2 2
1 200000 | 0 1 1 1
1 200000 | 0 1 1 1
4 200000 | 2 4 2 2
3 200000 | 2 3 1 1
3 200000 | 1 3 2 2
6 200000 | 4 6 2 2
5 200000 | 3 5 2 2
2 200000 | 2 2 0 0
6 200000 | 4 5 3 3
4 200000 | 3 4 1 1
1 200000 | 1 1 0 0
2 200000 | 2 2 0 0
2 200000 | 0 2 2 2
4 200000 | 1 4 3 3
6 200000 | 3 6 3 3
9 200000 | 5 9 4 4
6 200000 | 2 6 4 4
2 200000 | 1 2 1 1
2 200000 | 0 2 2 2
3 200000 | 2 3 1 1
2 200000 | 2 2 0 0
2 200000 | 1 2 1 1
1 200000 | 0 1 1 1
3 200000 | 3 3 0 0
2 200000 | 2 2 0 0
2 200000 | 1 2 1 1
3 200000 | 3 3 0 0
2 200000 | 2 2 0 0
2 200000 | 2 2 0 0
5 200000 | 5 5 0 0
5 200000 | 3 5 2 2
3 200000 | 3 3 0 0
3 200000 | 3 3 0 0
2 200000 | 2 2 0 0
3 200000 | 2 3 1 1
3 200000 | 2 3 1 1
5 200000 | 5 5 0 0
3 200000 | 1 3 2 2
4 200000 | 2 4 2 2
5 200000 | 4 4 2 2
3 200000 | 3 3 0 0
4 200000 | 2 4 2 2
2 200000 | 2 2 0 0
2 200000 | 2 2 0 0
7 200000 | 5 7 2 2
0 200000 | 0 0 0 0
8 200000 | 4 8 4 4
3 200000 | 2 3 1 1
3 200000 | 3 3 0 0
3 200000 | 2 3 1 1
3 200000 | 3 3 0 0
3 200000 | 2 3 1 1
4 200000 | 3 4 1 1
2 200000 | 2 2 0 0
3 200000 | 2 3 1 1
1 200000 | 1 1 0 0
1 200000 | 1 1 0 0
1 200000 | 0 1 1 1
2 200000 | 1 2 1 1
1 200000 | 0 1 1 1
3 200000 | 0 3 3 3
6 200000 | 3 6 3 3
0 200000 | 0 0 0 0
4 200000 | 3 4 1 1
3 200000 | 2 3 1 1
1 200000 | 1 1 0 0
4 300000 | 4 4 0 0
6 300000 | 4 6 2 2
1 300000 | 1 1 0 0
3 300000 | 2 3 1 1
6 300000 | 4 5 3 3
5 300000 | 3 5 2 2
6 300000 | 4 6 2 2
5 300000 | 2 5 3 3
10 300000 | 6 10 4 4
3 300000 | 3 3 0 0
13 300000 | 9 13 4 4
8 300000 | 4 8 4 4
8 300000 | 4 8 4 4
6 300000 | 5 6 1 1
6 300000 | 6 6 0 0
9 300000 | 7 8 3 3
11 300000 | 7 11 4 4
5 300000 | 4 5 1 1
8 300000 | 7 8 1 1
4 300000 | 4 4 0 0
2 300000 | 2 2 0 0
5 300000 | 3 5 2 2
3 300000 | 2 3 1 1
5 300000 | 3 5 2 2
5 300000 | 2 5 3 3
7 300000 | 3 6 5 5
4 300000 | 2 4 2 2
2 300000 | 1 2 1 1
9 300000 | 8 9 1 1
3 300000 | 3 3 0 0
3 300000 | 1 3 2 2
4 300000 | 3 4 1 1
2 300000 | 1 2 1 1
7 300000 | 3 7 4 4
7 300000 | 5 7 2 2
4 300000 | 2 4 2 2
6 300000 | 5 6 1 1
7 300000 | 6 7 1 1
8 300000 | 4 8 4 4
2 300000 | 2 2 0 0
4 300000 | 1 4 3 3
6 300000 | 3 6 3 3
6 300000 | 5 6 1 1
7 300000 | 6 7 1 1
6 300000 | 5 6 1 1
6 300000 | 3 6 3 3
5 300000 | 3 5 2 2
5 300000 | 4 5 1 1
7 300000 | 2 7 5 5
3 300000 | 3 3 0 0
9 300000 | 6 9 3 3
7 300000 | 4 5 5 5
7 300000 | 5 7 2 2
6 300000 | 3 6 3 3
5 300000 | 4 5 1 1
5 300000 | 3 5 2 2
7 300000 | 2 7 5 5
6 300000 | 3 6 3 3
2 300000 | 0 2 2 2
9 300000 | 5 9 4 4
4 300000 | 3 4 1 1
4 300000 | 3 4 1 1
6 300000 | 4 6 2 2
3 300000 | 2 3 1 1
5 300000 | 3 5 2 2
3 300000 | 1 3 2 2
5 300000 | 4 5 1 1
4 300000 | 1 4 3 3
4 300000 | 1 4 3 3
5 300000 | 1 5 4 4
4 300000 | 3 4 1 1
6 300000 | 5 6 1 1
5 300000 | 2 5 3 3
8 300000 | 4 8 4 4
3 300000 | 1 3 2 2
5 300000 | 3 5 2 2
6 300000 | 4 6 2 2
6 300000 | 3 6 3 3
3 300000 | 2 3 1 1
4 300000 | 3 4 1 1
4 300000 | 3 4 1 1
4 300000 | 4 4 0 0
3 300000 | 2 3 1 1
6 300000 | 5 5 2 2
5 300000 | 3 5 2 2
3 300000 | 2 3 1 1
6 300000 | 3 6 3 3
2 300000 | 2 2 0 0
5 300000 | 3 5 2 2
2 300000 | 1 2 1 1
3 300000 | 2 2 2 2
5 300000 | 3 5 2 2
2 300000 | 1 2 1 1
0 300000 | 0 0 0 0
6 300000 | 5 6 1 1
7 300000 | 5 7 2 2
5 300000 | 3 5 2 2
5 300000 | 5 5 0 0
6 300000 | 5 6 1 1
5 300000 | 3 5 2 2
3 300000 | 1 3 2 2
5 300000 | 3 5 2 2
6 300000 | 4 6 2 2
8 300000 | 4 8 4 4
4 300000 | 2 4 2 2
7 300000 | 5 7 2 2
4 300000 | 3 4 1 1
7 300000 | 5 7 2 2
9 300000 | 5 9 4 4
8 300000 | 6 8 2 2
10 300000 | 7 10 3 3
6 300000 | 4 6 2 2
6 300000 | 6 6 0 0
2 300000 | 1 2 1 1
5 300000 | 2 4 4 4
5 300000 | 3 5 2 2
6 300000 | 3 6 3 3
3 300000 | 1 3 2 2
4 300000 | 4 4 0 0
5 300000 | 3 5 2 2
8 300000 | 6 8 2 2
5 300000 | 4 5 1 1
3 300000 | 3 3 0 0
3 300000 | 1 2 3 3
4 300000 | 4 4 0 0
1 300000 | 0 1 1 1
5 300000 | 2 5 3 3
8 300000 | 7 8 1 1
5 300000 | 2 5 3 3
3 300000 | 2 3 1 1
5 300000 | 3 5 2 2
3 300000 | 2 3 1 1
1 300000 | 1 1 0 0
4 300000 | 3 4 1 1
6 300000 | 5 6 1 1
4 300000 | 3 4 1 1
4 300000 | 2 4 2 2
1 300000 | 0 1 1 1
4 300000 | 2 4 2 2
4 300000 | 1 4 3 3
8 300000 | 5 8 3 3
6 300000 | 3 6 3 3
2 300000 | 2 2 0 0
3 300000 | 2 3 1 1
7 300000 | 4 7 3 3
6 300000 | 2 6 4 4
3 300000 | 1 3 2 2
4 300000 | 3 4 1 1
7 300000 | 4 7 3 3
8 300000 | 5 8 3 3
4 300000 | 3 4 1 1
3 300000 | 0 3 3 3
2 300000 | 2 2 0 0
6 300000 | 6 6 0 0
3 300000 | 2 3 1 1
6 300000 | 5 6 1 1
6 300000 | 4 6 2 2
5 300000 | 2 5 3 3
5 300000 | 1 5 4 4
6 300000 | 2 6 4 4
5 300000 | 3 5 2 2
7 300000 | 3 7 4 4
5 300000 | 2 5 3 3
3 300000 | 1 3 2 2
8 300000 | 5 8 3 3
6 300000 | 4 6 2 2
4 300000 | 2 4 2 2
8 300000 | 6 8 2 2
5 300000 | 5 5 0 0
4 300000 | 4 4 0 0
8 300000 | 4 8 4 4
3 300000 | 3 3 0 0
5 300000 | 3 5 2 2
5 300000 | 2 5 3 3
3 300000 | 2 3 1 1
6 300000 | 4 5 3 3
7 300000 | 2 7 5 5
5 300000 | 4 5 1 1
5 300000 | 3 5 2 2
5 300000 | 2 5 3 3
5 300000 | 4 5 1 1
1 300000 | 1 1 0 0
4 300000 | 3 4 1 1
3 300000 | 2 3 1 1
5 300000 | 5 5 0 0
6 300000 | 5 6 1 1
0 300000 | 0 0 0 0
7 300000 | 6 7 1 1
7 300000 | 3 6 5 5
7 300000 | 5 5 4 4
2 300000 | 1 2 1 1
3 300000 | 1 3 2 2
3 300000 | 1 3 2 2
6 300000 | 4 5 3 3
3 300000 | 2 3 1 1
6 300000 | 4 6 2 2
6 300000 | 5 6 1 1
6 300000 | 3 5 4 4
4 300000 | 0 4 4 4
5 300000 | 2 5 3 3
6 300000 | 3 6 3 3
4 300000 | 4 4 0 0
5 300000 | 3 5 2 2
4 300000 | 3 4 1 1
2 300000 | 1 2 1 1
5 300000 | 2 5 3 3
6 300000 | 3 6 3 3
3 300000 | 2 3 1 1
9 300000 | 8 8 2 2
9 300000 | 4 9 5 5
7 300000 | 4 7 3 3
8 300000 | 5 8 3 3
3 300000 | 1 3 2 2
5 300000 | 5 5 0 0
4 300000 | 3 4 1 1
6 300000 | 4 6 2 2
6 300000 | 5 6 1 1
6 300000 | 2 6 4 4
13 300000 | 8 13 5 5
5 300000 | 1 5 4 4
3 300000 | 1 3 2 2
6 300000 | 4 6 2 2
2 300000 | 2 2 0 0
3 300000 | 2 3 1 1
5 300000 | 2 5 3 3
5 300000 | 3 4 3 3
9 300000 | 5 9 4 4
6 300000 | 5 6 1 1
6 300000 | 4 6 2 2
6 300000 | 4 6 2 2
9 300000 | 7 9 2 2
5 300000 | 3 5 2 2
4 300000 | 3 4 1 1
3 300000 | 2 3 1 1
6 300000 | 4 6 2 2
7 300000 | 4 7 3 3
8 300000 | 7 8 1 1
9 300000 | 7 9 2 2
3 300000 | 2 3 1 1
5 300000 | 4 5 1 1
8 300000 | 6 8 2 2
8 300000 | 5 8 3 3
6 300000 | 5 6 1 1
9 300000 | 6 9 3 3
10 300000 | 6 10 4 4
5 300000 | 2 5 3 3
7 300000 | 4 7 3 3
1 300000 | 1 1 0 0
12 300000 | 5 12 7 7
5 300000 | 1 5 4 4
3 300000 | 1 3 2 2
2 300000 | 1 2 1 1
9 300000 | 8 9 1 1
4 300000 | 4 4 0 0
6 300000 | 5 6 1 1
2 300000 | 1 2 1 1
5 300000 | 4 5 1 1
4 300000 | 2 4 2 2
6 300000 | 4 6 2 2
4 300000 | 3 4 1 1
3 300000 | 1 3 2 2
5 300000 | 2 5 3 3
5 300000 | 2 5 3 3
8 300000 | 6 7 3 3
6 300000 | 5 6 1 1
7 300000 | 5 7 2 2
3 300000 | 1 3 2 2
4 300000 | 1 4 3 3
7 300000 | 5 7 2 2
5 300000 | 5 5 0 0
5 300000 | 3 5 2 2
4 300000 | 4 4 0 0
8 300000 | 6 8 2 2
2 300000 | 2 2 0 0
7 300000 | 3 7 4 4
5 300000 | 4 5 1 1
8 300000 | 5 8 3 3
3 300000 | 3 2 1 1
5 300000 | 2 5 3 3
7 300000 | 6 6 2 2
8 300000 | 4 8 4 4
6 300000 | 4 6 2 2
6 300000 | 3 6 3 3
6 300000 | 6 6 0 0
2 300000 | 2 1 1 1
5 300000 | 2 5 3 3
6 300000 | 5 5 2 2
4 300000 | 4 4 0 0
6 300000 | 4 6 2 2
5 300000 | 2 5 3 3
6 300000 | 3 6 3 3
2 300000 | 2 2 0 0
6 300000 | 4 6 2 2
9 300000 | 4 9 5 5
4 300000 | 1 4 3 3
8 300000 | 6 8 2 2
3 300000 | 2 3 1 1
6 300000 | 2 6 4 4
1 300000 | 1 1 0 0
11 300000 | 6 11 5 5
5 300000 | 4 5 1 1
8 300000 | 4 8 4 4
9 300000 | 7 9 2 2
1 300000 | 1 1 0 0
3 300000 | 2 3 1 1
3 300000 | 2 3 1 1
5 300000 | 3 5 2 2
6 300000 | 3 6 3 3
5 300000 | 3 5 2 2
5 300000 | 2 5 3 3
0 300000 | 0 0 0 0
9 300000 | 6 9 3 3
6 300000 | 4 6 2 2
6 300000 | 3 6 3 3
7 300000 | 6 7 1 1
5 300000 | 3 5 2 2
3 300000 | 2 3 1 1
3 300000 | 2 3 1 1
5 300000 | 3 5 2 2
5 300000 | 3 5 2 2
3 300000 | 2 3 1 1
5 300000 | 4 5 1 1
5 300000 | 5 5 0 0
7 300000 | 4 7 3 3
4 300000 | 2 4 2 2
6 300000 | 2 6 4 4
5 300000 | 4 5 1 1
4 300000 | 4 4 0 0
11 300000 | 7 10 5 5
6 300000 | 2 6 4 4
5 300000 | 1 5 4 4
4 300000 | 2 4 2 2
5 300000 | 4 5 1 1
8 300000 | 6 8 2 2
6 300000 | 4 6 2 2
5 300000 | 2 5 3 3
3 300000 | 3 3 0 0
3 300000 | 3 3 0 0
9 300000 | 6 9 3 3
3 300000 | 2 3 1 1
5 300000 | 5 5 0 0
4 300000 | 2 4 2 2
5 300000 | 4 5 1 1
7 300000 | 5 6 3 3
2 300000 | 1 2 1 1
6 300000 | 3 6 3 3
6 300000 | 4 6 2 2
8 300000 | 3 7 6 6
3 300000 | 3 3 0 0
10 300000 | 8 10 2 2
8 300000 | 6 8 2 2
2 300000 | 1 2 1 1
6 300000 | 3 6 3 3
8 300000 | 4 8 4 4
12 300000 | 7 12 5 5
3 300000 | 0 3 3 3
3 300000 | 1 3 2 2
7 300000 | 7 7 0 0
7 300000 | 4 7 3 3
7 300000 | 5 7 2 2
5 300000 | 4 5 1 1
5 300000 | 3 5 2 2
3 300000 | 1 3 2 2
3 300000 | 3 3 0 0
8 300000 | 5 8 3 3
10 300000 | 8 9 3 3
6 300000 | 3 6 3 3
8 300000 | 5 8 3 3
3 300000 | 2 3 1 1
4 300000 | 3 4 1 1
8 300000 | 6 8 2 2
2 300000 | 1 2 1 1
5 300000 | 4 5 1 1
7 300000 | 4 7 3 3
5 300000 | 2 5 3 3
4 300000 | 3 4 1 1
2 300000 | 1 2 1 1
7 300000 | 5 6 3 3
7 300000 | 7 7 0 0
3 300000 | 3 2 1 1
0 300000 | 0 0 0 0
5 300000 | 3 5 2 2
6 300000 | 5 6 1 1
4 300000 | 1 4 3 3
3 300000 | 2 3 1 1
4 300000 | 2 4 2 2
8 300000 | 6 8 2 2
7 300000 | 4 7 3 3
5 300000 | 5 5 0 0
9 300000 | 6 9 3 3
6 300000 | 3 6 3 3
3 300000 | 0 3 3 3
4 300000 | 3 2 3 3
4 300000 | 2 4 2 2
5 300000 | 2 5 3 3
4 300000 | 2 4 2 2
3 300000 | 2 3 1 1
4 300000 | 2 4 2 2
9 300000 | 6 9 3 3
6 300000 | 5 6 1 1
7 300000 | 5 7 2 2
4 300000 | 4 4 0 0
1 300000 | 0 1 1 1
8 300000 | 6 8 2 2
5 300000 | 3 5 2 2
8 300000 | 6 8 2 2
2 300000 | 2 1 1 1
8 300000 | 6 8 2 2
12 300000 | 6 12 6 6
4 300000 | 3 4 1 1
5 300000 | 4 5 1 1
4 300000 | 4 4 0 0
4 300000 | 2 4 2 2
3 300000 | 3 3 0 0
3 300000 | 2 3 1 1
4 300000 | 2 4 2 2
5 300000 | 4 5 1 1
6 300000 | 4 6 2 2
6 300000 | 4 6 2 2
5 300000 | 4 5 1 1
4 300000 | 1 4 3 3
6 300000 | 1 6 5 5
7 300000 | 5 7 2 2
6 300000 | 4 6 2 2
8 300000 | 7 8 1 1
4 300000 | 1 4 3 3
5 300000 | 2 5 3 3
3 300000 | 0 3 3 3
6 300000 | 4 6 2 2
6 300000 | 1 6 5 5
4 300000 | 4 4 0 0
6 300000 | 5 5 2 2
5 300000 | 3 5 2 2
9 300000 | 8 8 2 2
6 300000 | 3 6 3 3
0 300000 | 0 0 0 0
11 300000 | 4 11 7 7
6 300000 | 5 6 1 1
5 300000 | 5 5 0 0
6 300000 | 5 6 1 1
4 300000 | 3 4 1 1
4 300000 | 4 4 0 0
6 300000 | 6 6 0 0
3 300000 | 3 3 0 0
9 300000 | 3 9 6 6
2 300000 | 0 2 2 2
8 300000 | 6 8 2 2
7 300000 | 5 6 3 3
5 300000 | 3 5 2 2
5 300000 | 3 5 2 2
3 300000 | 3 3 0 0
1 300000 | 1 1 0 0
6 300000 | 4 6 2 2
8 300000 | 5 7 4 4
6 300000 | 4 6 2 2
5 300000 | 3 5 2 2
7 300000 | 4 7 3 3
5 300000 | 5 5 0 0
6 300000 | 4 6 2 2
11 300000 | 6 11 5 5
7 300000 | 5 7 2 2
4 300000 | 4 4 0 0
4 300000 | 3 3 2 2
7 300000 | 4 7 3 3
5 300000 | 3 5 2 2
7 300000 | 6 7 1 1
5 300000 | 3 5 2 2
5 300000 | 2 5 3 3
1 300000 | 1 1 0 0
2 300000 | 2 2 0 0
5 300000 | 4 5 1 1
8 300000 | 6 8 2 2
8 300000 | 5 8 3 3
6 300000 | 1 6 5 5
2 300000 | 2 2 0 0
4 300000 | 2 4 2 2
9 300000 | 6 9 3 3
6 300000 | 3 6 3 3
5 300000 | 1 5 4 4
3 300000 | 3 3 0 0
4 300000 | 2 4 2 2
10 300000 | 6 9 5 5
6 300000 | 4 5 3 3
6 300000 | 3 6 3 3
3 300000 | 2 3 1 1
5 300000 | 2 5 3 3
8 300000 | 6 8 2 2
5 300000 | 4 5 1 1
5 300000 | 2 5 3 3
2 300000 | 2 2 0 0
5 300000 | 2 5 3 3
3 300000 | 3 3 0 0
11 300000 | 7 11 4 4
11 300000 | 10 10 2 2
12 300000 | 9 11 4 4
6 300000 | 3 6 3 3
5 300000 | 2 5 3 3
5 300000 | 5 4 1 1
6 300000 | 3 6 3 3
6 300000 | 4 6 2 2
6 300000 | 5 6 1 1
12 300000 | 11 12 1 1
11 300000 | 7 11 4 4
7 300000 | 2 7 5 5
4 300000 | 3 4 1 1
3 300000 | 2 3 1 1
3 300000 | 3 3 0 0
5 300000 | 5 5 0 0
5 300000 | 3 5 2 2
5 300000 | 3 5 2 2
