263 200000 | 138 199 189 189
239 200000 | 117 180 181 181
279 200000 | 144 198 216 216
257 200000 | 152 188 174 174
246 200000 | 113 182 197 197
245 200000 | 124 179 187 187
275 200000 | 142 204 204 204
257 200000 | 137 195 182 182
264 200000 | 124 199 205 205
263 200000 | 136 190 200 200
239 200000 | 119 178 181 181
246 200000 | 133 175 184 184
257 200000 | 136 192 186 186
269 200000 | 137 187 214 214
306 200000 | 156 221 235 235
257 200000 | 138 195 181 181
269 200000 | 130 191 217 217
275 200000 | 140 209 201 201
242 200000 | 136 167 181 181
252 200000 | 135 184 185 185
270 200000 | 150 191 199 199
237 200000 | 128 166 180 180
259 200000 | 131 185 202 202
270 200000 | 139 196 205 205
243 200000 | 114 181 191 191
261 200000 | 139 182 201 201
253 200000 | 130 185 191 191
241 200000 | 134 173 175 175
252 200000 | 124 196 184 184
258 200000 | 127 197 192 192
281 200000 | 153 197 212 212
253 200000 | 145 172 189 189
259 200000 | 137 173 208 208
263 200000 | 137 183 206 206
288 200000 | 150 204 222 222
254 200000 | 135 174 199 199
261 200000 | 148 194 180 180
248 200000 | 136 181 179 179
283 200000 | 153 200 213 213
272 200000 | 141 195 208 208
249 200000 | 126 183 189 189
254 200000 | 135 183 190 190
284 200000 | 140 199 229 229
247 200000 | 124 183 187 187
236 200000 | 143 152 177 177
235 200000 | 109 184 177 177
256 200000 | 142 185 185 185
248 200000 | 137 179 180 180
249 200000 | 122 177 199 199
250 200000 | 141 177 182 182
247 200000 | 119 181 194 194
249 200000 | 121 191 186 186
249 200000 | 135 178 185 185
263 200000 | 108 209 209 209
244 200000 | 119 191 178 178
271 200000 | 151 193 198 198
268 200000 | 145 173 218 218
267 200000 | 151 186 197 197
245 200000 | 122 185 183 183
267 200000 | 153 186 195 195
245 200000 | 137 176 177 177
245 200000 | 121 183 186 186
258 200000 | 150 184 182 182
256 200000 | 129 190 193 193
293 200000 | 146 221 219 219
260 200000 | 137 183 200 200
251 200000 | 120 184 198 198
271 200000 | 148 193 201 201
248 200000 | 143 169 184 184
250 200000 | 131 178 191 191
248 200000 | 132 183 181 181
270 200000 | 133 202 205 205
231 200000 | 120 173 169 169
271 200000 | 145 204 193 193
235 200000 | 122 170 178 178
235 200000 | 119 183 168 168
233 200000 | 108 180 178 178
278 200000 | 160 198 198 198
292 200000 | 164 212 208 208
