1454 200000 | 1416 1409 83 83
1414 200000 | 1387 1384 57 57
1388 200000 | 1352 1347 77 77
1442 200000 | 1415 1399 70 70
1354 200000 | 1320 1321 67 67
1414 200000 | 1381 1374 73 73
1410 200000 | 1383 1368 69 69
1356 200000 | 1328 1318 66 66
1449 200000 | 1414 1408 76 76
1360 200000 | 1332 1317 71 71
1380 200000 | 1345 1336 79 79
1470 200000 | 1440 1429 71 71
1368 200000 | 1343 1326 67 67
1389 200000 | 1349 1359 70 70
1475 200000 | 1435 1427 88 88
1437 200000 | 1408 1403 63 63
1364 200000 | 1332 1320 76 76
1423 200000 | 1392 1387 67 67
1351 200000 | 1325 1317 60 60
1405 200000 | 1370 1366 74 74
1414 200000 | 1383 1373 72 72
1434 200000 | 1402 1386 80 80
1417 200000 | 1374 1391 69 69
1402 200000 | 1376 1343 85 85
1444 200000 | 1412 1405 71 71
1376 200000 | 1345 1336 71 71
1446 200000 | 1416 1402 74 74
1441 200000 | 1405 1404 73 73
1436 200000 | 1411 1393 68 68
1399 200000 | 1370 1352 76 76
1419 200000 | 1390 1372 76 76
1386 200000 | 1361 1349 62 62
1438 200000 | 1405 1385 86 86
1388 200000 | 1362 1352 62 62
1402 200000 | 1373 1358 73 73
1407 200000 | 1377 1367 70 70
