297 200000 | 233 275 86 86
297 200000 | 226 284 84 84
265 200000 | 200 258 72 72
253 200000 | 203 244 59 59
266 200000 | 215 249 68 68
286 200000 | 220 272 80 80
294 200000 | 241 279 68 68
286 200000 | 224 271 77 77
283 200000 | 229 267 70 70
267 200000 | 210 248 76 76
272 200000 | 217 263 64 64
278 200000 | 216 259 81 81
278 200000 | 212 261 83 83
305 200000 | 248 289 73 73
272 200000 | 215 251 78 78
306 200000 | 243 283 86 86
260 200000 | 198 251 71 71
275 200000 | 207 257 86 86
277 200000 | 222 252 80 80
272 200000 | 201 261 82 82
247 200000 | 183 234 77 77
296 200000 | 238 280 74 74
285 200000 | 221 267 82 82
297 200000 | 231 277 86 86
287 200000 | 224 265 85 85
282 200000 | 215 274 75 75
270 200000 | 213 253 74 74
293 200000 | 233 277 76 76
276 200000 | 206 265 81 81
291 200000 | 235 275 72 72
276 200000 | 224 261 67 67
291 200000 | 229 276 77 77
289 200000 | 226 277 75 75
290 200000 | 231 280 69 69
293 200000 | 232 277 77 77
284 200000 | 224 269 75 75
285 200000 | 240 262 68 68
320 200000 | 249 300 91 91
265 200000 | 197 250 83 83
278 200000 | 225 264 67 67
264 200000 | 212 252 64 64
301 200000 | 252 288 62 62
249 200000 | 203 233 62 62
273 200000 | 214 261 71 71
282 200000 | 220 264 80 80
272 200000 | 215 254 75 75
294 200000 | 243 276 69 69
292 200000 | 230 271 83 83
301 200000 | 237 280 85 85
237 200000 | 196 227 51 51
237 200000 | 192 226 56 56
295 200000 | 234 273 83 83
312 200000 | 250 298 76 76
269 200000 | 215 249 74 74
289 200000 | 235 278 65 65
292 200000 | 222 276 86 86
297 200000 | 234 273 87 87
268 200000 | 218 256 62 62
311 200000 | 239 295 88 88
275 200000 | 215 258 77 77
272 200000 | 213 261 70 70
261 200000 | 193 254 75 75
287 200000 | 232 274 68 68
274 200000 | 211 260 77 77
278 200000 | 226 265 65 65
287 200000 | 230 273 71 71
256 200000 | 208 237 67 67
304 200000 | 253 282 73 73
284 200000 | 236 269 63 63
277 200000 | 216 260 78 78
282 200000 | 230 271 63 63
299 200000 | 238 288 72 72
271 200000 | 214 251 77 77
263 200000 | 210 245 71 71
277 200000 | 216 258 80 80
314 200000 | 259 288 81 81
291 200000 | 229 279 74 74
293 200000 | 230 271 85 85
289 200000 | 223 275 80 80
291 200000 | 218 274 90 90
276 200000 | 237 260 55 55
281 200000 | 231 266 65 65
297 200000 | 227 286 81 81
272 200000 | 217 257 70 70
289 200000 | 232 265 81 81
274 200000 | 217 253 78 78
254 200000 | 199 239 70 70
294 200000 | 222 280 86 86
269 200000 | 216 260 62 62
303 200000 | 246 281 79 79
282 200000 | 214 266 84 84
280 200000 | 232 260 68 68
289 200000 | 230 268 80 80
284 200000 | 220 266 82 82
307 200000 | 241 289 84 84
269 200000 | 220 260 58 58
271 200000 | 212 259 71 71
261 200000 | 209 246 67 67
266 200000 | 205 251 76 76
262 200000 | 209 250 65 65
273 200000 | 209 256 81 81
292 200000 | 230 278 76 76
274 200000 | 219 261 68 68
307 200000 | 243 289 82 82
259 200000 | 202 242 74 74
284 200000 | 222 272 74 74
299 200000 | 248 277 73 73
322 200000 | 258 305 81 81
288 200000 | 237 271 68 68
283 200000 | 227 261 78 78
243 200000 | 182 229 75 75
280 200000 | 235 262 63 63
258 200000 | 205 243 68 68
301 200000 | 236 282 84 84
283 200000 | 227 263 76 76
265 200000 | 217 248 65 65
284 200000 | 233 265 70 70
281 200000 | 233 268 61 61
248 200000 | 201 231 64 64
307 200000 | 246 289 79 79
310 200000 | 247 294 79 79
267 200000 | 211 257 66 66
265 200000 | 201 258 71 71
285 200000 | 231 263 76 76
283 200000 | 223 270 73 73
263 200000 | 200 250 76 76
276 200000 | 220 260 72 72
273 200000 | 216 262 68 68
303 200000 | 235 281 90 90
299 200000 | 244 288 66 66
297 200000 | 231 280 83 83
308 200000 | 247 290 79 79
256 200000 | 205 237 70 70
292 200000 | 231 276 77 77
278 200000 | 232 267 57 57
262 200000 | 206 249 69 69
270 200000 | 210 258 72 72
295 200000 | 240 274 76 76
291 200000 | 233 279 70 70
307 200000 | 249 290 75 75
270 200000 | 223 254 63 63
297 200000 | 233 276 85 85
