199 200000 | 145 136 117 117
210 200000 | 156 147 117 117
217 200000 | 147 147 140 140
229 200000 | 165 156 137 137
204 200000 | 146 146 116 116
207 200000 | 145 140 129 129
188 200000 | 138 123 115 115
206 200000 | 132 153 127 127
231 200000 | 160 160 142 142
204 200000 | 143 137 128 128
226 200000 | 162 166 124 124
194 200000 | 130 133 125 125
193 200000 | 147 126 113 113
220 200000 | 139 164 137 137
240 200000 | 165 175 140 140
204 200000 | 144 149 115 115
257 200000 | 176 192 146 146
191 200000 | 131 129 122 122
246 200000 | 166 165 161 161
223 200000 | 163 157 126 126
225 200000 | 154 150 146 146
