720 200000 | 700 308 432 432
761 200000 | 734 340 448 448
694 200000 | 675 310 403 403
745 200000 | 714 312 464 464
742 200000 | 711 308 465 465
750 200000 | 722 325 453 453
715 200000 | 683 308 439 439
752 200000 | 715 315 474 474
701 200000 | 675 326 401 401
724 200000 | 689 348 411 411
713 200000 | 691 315 420 420
749 200000 | 726 337 435 435
711 200000 | 682 287 453 453
761 200000 | 723 338 461 461
730 200000 | 700 344 416 416
693 200000 | 664 301 421 421
737 200000 | 709 322 443 443
685 200000 | 653 270 447 447
796 200000 | 764 325 503 503
726 200000 | 698 305 449 449
717 200000 | 690 317 427 427
762 200000 | 738 304 482 482
716 200000 | 681 323 428 428
776 200000 | 756 316 480 480
728 200000 | 697 299 460 460
752 200000 | 716 296 492 492
723 200000 | 693 302 451 451
705 200000 | 677 284 449 449
718 200000 | 687 323 426 426
709 200000 | 679 287 452 452
766 200000 | 738 306 488 488
703 200000 | 674 290 442 442
705 200000 | 672 315 423 423
725 200000 | 699 305 446 446
746 200000 | 716 343 433 433
703 200000 | 676 267 463 463
765 200000 | 739 301 490 490
736 200000 | 708 300 464 464
732 200000 | 713 299 452 452
751 200000 | 722 303 477 477
727 200000 | 698 292 464 464
705 200000 | 681 314 415 415
694 200000 | 670 296 422 422
727 200000 | 698 318 438 438
722 200000 | 696 304 444 444
745 200000 | 712 325 453 453
720 200000 | 700 290 450 450
700 200000 | 676 294 430 430
727 200000 | 703 317 434 434
742 200000 | 710 320 454 454
692 200000 | 671 314 399 399
697 200000 | 675 302 417 417
742 200000 | 719 326 439 439
751 200000 | 723 317 462 462
719 200000 | 687 302 449 449
745 200000 | 718 315 457 457
732 200000 | 705 294 465 465
684 200000 | 657 282 429 429
724 200000 | 682 331 435 435
740 200000 | 716 332 432 432
694 200000 | 669 282 437 437
730 200000 | 697 306 457 457
729 200000 | 710 319 429 429
714 200000 | 686 301 441 441
712 200000 | 687 293 444 444
705 200000 | 680 293 437 437
715 200000 | 687 306 437 437
726 200000 | 698 309 445 445
665 200000 | 636 283 411 411
