3 162711 | 3 1 2 2
3 162711 | 3 1 2 2
3 162711 | 3 0 3 3
0 162711 | 0 0 0 0
1 162711 | 1 0 1 1
1 192222 | 1 0 1 1
1 192222 | 1 1 0 0
1 192222 | 1 1 0 0
1 192222 | 1 0 1 1
0 192222 | 0 0 0 0
1 200000 | 1 0 1 1
3 200000 | 3 1 2 2
4 200000 | 4 2 2 2
4 200000 | 4 1 3 3
1 200000 | 1 0 1 1
2 200000 | 2 0 2 2
0 200000 | 0 0 0 0
1 200000 | 1 0 1 1
0 200000 | 0 0 0 0
2 200000 | 2 0 2 2
0 200000 | 0 0 0 0
1 200000 | 1 0 1 1
1 200000 | 1 0 1 1
0 200000 | 0 0 0 0
0 200000 | 0 0 0 0
4 200000 | 4 1 3 3
1 200000 | 1 0 1 1
1 200000 | 1 0 1 1
1 200000 | 1 0 1 1
2 200000 | 2 0 2 2
2 200000 | 2 0 2 2
1 200000 | 1 0 1 1
0 200000 | 0 0 0 0
0 200000 | 0 0 0 0
1 200000 | 1 0 1 1
2 200000 | 2 0 2 2
1 200000 | 1 0 1 1
2 200000 | 2 0 2 2
1 200000 | 1 0 1 1
3 200000 | 3 0 3 3
3 200000 | 3 0 3 3
1 200000 | 1 0 1 1
1 200000 | 1 0 1 1
2 200000 | 2 0 2 2
3 200000 | 3 0 3 3
2 200000 | 2 0 2 2
4 200000 | 4 1 3 3
1 200000 | 1 0 1 1
1 200000 | 1 1 0 0
2 200000 | 2 1 1 1
1 200000 | 1 1 0 0
1 200000 | 1 0 1 1
4 200000 | 4 1 3 3
1 200000 | 1 0 1 1
3 200000 | 3 1 2 2
5 200000 | 5 1 4 4
2 200000 | 2 0 2 2
2 200000 | 2 0 2 2
2 200000 | 2 0 2 2
2 200000 | 2 0 2 2
0 200000 | 0 0 0 0
2 200000 | 2 1 1 1
4 200000 | 4 1 3 3
3 200000 | 3 0 3 3
1 200000 | 1 0 1 1
8 200000 | 8 1 7 7
2 200000 | 2 1 1 1
1 200000 | 1 0 1 1
1 200000 | 1 0 1 1
0 200000 | 0 0 0 0
