317 200000 | 178 187 269 269
300 200000 | 184 167 249 249
322 200000 | 198 185 261 261
333 200000 | 212 195 259 259
352 200000 | 218 210 276 276
317 200000 | 202 182 250 250
334 200000 | 197 206 265 265
344 200000 | 202 212 274 274
305 200000 | 181 175 254 254
325 200000 | 194 198 258 258
330 200000 | 202 192 266 266
314 200000 | 192 198 238 238
339 200000 | 208 206 264 264
315 200000 | 209 177 244 244
339 200000 | 211 201 266 266
349 200000 | 219 205 274 274
357 200000 | 198 222 294 294
314 200000 | 192 185 251 251
360 200000 | 221 200 299 299
340 200000 | 208 199 273 273
319 200000 | 205 180 253 253
330 200000 | 210 186 264 264
318 200000 | 211 164 261 261
274 200000 | 172 155 221 221
319 200000 | 194 197 247 247
339 200000 | 216 189 273 273
341 200000 | 212 204 266 266
323 200000 | 209 182 255 255
329 200000 | 205 204 249 249
310 200000 | 194 176 250 250
355 200000 | 219 209 282 282
332 200000 | 204 187 273 273
305 200000 | 200 171 239 239
310 200000 | 184 194 242 242
362 200000 | 216 228 280 280
342 200000 | 202 203 279 279
300 200000 | 200 157 243 243
340 200000 | 196 202 282 282
324 200000 | 208 182 258 258
295 200000 | 168 181 241 241
353 200000 | 212 210 284 284
314 200000 | 193 187 248 248
302 200000 | 187 176 241 241
291 200000 | 168 178 236 236
300 200000 | 189 179 232 232
329 200000 | 206 197 255 255
326 200000 | 203 196 253 253
315 200000 | 197 181 252 252
309 200000 | 191 176 251 251
347 200000 | 220 203 271 271
291 200000 | 193 165 224 224
309 200000 | 209 168 241 241
338 200000 | 209 202 265 265
322 200000 | 196 193 255 255
313 200000 | 192 186 248 248
328 200000 | 204 193 259 259
319 200000 | 203 176 259 259
291 200000 | 181 170 231 231
315 200000 | 193 189 248 248
322 200000 | 178 204 262 262
313 200000 | 202 175 249 249
354 200000 | 227 208 273 273
316 200000 | 199 172 261 261
325 200000 | 192 187 271 271
354 200000 | 227 212 269 269
326 200000 | 191 204 257 257
304 200000 | 198 180 230 230
330 200000 | 212 193 255 255
350 200000 | 209 211 280 280
274 200000 | 158 174 216 216
304 200000 | 189 177 242 242
334 200000 | 198 190 280 280
319 200000 | 195 195 248 248
314 200000 | 204 182 242 242
337 200000 | 213 212 249 249
311 200000 | 187 180 255 255
312 200000 | 209 172 243 243
321 200000 | 198 199 245 245
321 200000 | 176 209 257 257
310 200000 | 191 192 237 237
333 200000 | 207 185 274 274
346 200000 | 209 196 287 287
321 200000 | 198 190 254 254
272 200000 | 165 160 219 219
321 200000 | 199 188 255 255
329 200000 | 198 195 265 265
297 200000 | 187 169 238 238
320 200000 | 197 195 248 248
278 200000 | 183 154 219 219
320 200000 | 197 197 246 246
347 200000 | 219 213 262 262
325 200000 | 216 176 258 258
315 200000 | 192 190 248 248
310 200000 | 200 177 243 243
333 200000 | 224 189 253 253
293 200000 | 183 175 228 228
375 200000 | 238 214 298 298
325 200000 | 199 193 258 258
310 200000 | 202 173 245 245
311 200000 | 199 176 247 247
304 200000 | 192 167 249 249
316 200000 | 187 188 257 257
337 200000 | 209 193 272 272
341 200000 | 217 195 270 270
303 200000 | 193 177 236 236
337 200000 | 207 190 277 277
338 200000 | 211 183 282 282
338 200000 | 192 209 275 275
316 200000 | 190 190 252 252
357 200000 | 215 209 290 290
313 200000 | 189 180 257 257
312 200000 | 182 186 256 256
320 200000 | 206 185 249 249
327 200000 | 202 189 263 263
290 200000 | 193 147 240 240
308 200000 | 183 199 234 234
327 200000 | 204 181 269 269
333 200000 | 196 197 273 273
302 200000 | 205 159 240 240
299 200000 | 184 175 239 239
318 200000 | 186 192 258 258
350 200000 | 218 215 267 267
350 200000 | 221 191 288 288
313 200000 | 200 175 251 251
351 200000 | 214 206 282 282
319 200000 | 189 194 255 255
320 200000 | 201 185 254 254
332 200000 | 204 197 263 263
346 200000 | 213 204 275 275
309 200000 | 181 180 257 257
299 200000 | 176 170 252 252
297 200000 | 193 163 238 238
325 200000 | 220 176 254 254
320 200000 | 210 183 247 247
309 200000 | 190 183 245 245
333 200000 | 225 192 249 249
308 200000 | 190 177 249 249
338 200000 | 200 200 276 276
317 200000 | 191 190 253 253
319 200000 | 194 184 260 260
306 200000 | 176 181 255 255
294 200000 | 193 154 241 241
318 200000 | 191 196 249 249
316 200000 | 193 188 251 251
294 200000 | 177 185 226 226
282 200000 | 183 160 221 221
342 200000 | 209 202 273 273
301 200000 | 197 174 231 231
351 200000 | 209 207 286 286
344 200000 | 215 202 271 271
347 200000 | 213 212 269 269
319 200000 | 196 196 246 246
323 200000 | 203 194 249 249
350 200000 | 211 211 278 278
334 200000 | 197 201 270 270
314 200000 | 186 186 256 256
