1462 200000 | 1317 707 900 900
1519 200000 | 1380 711 947 947
1482 200000 | 1337 755 872 872
1478 200000 | 1310 759 887 887
1526 200000 | 1364 761 927 927
1447 200000 | 1303 722 869 869
1495 200000 | 1374 701 915 915
1524 200000 | 1374 735 939 939
1490 200000 | 1341 732 907 907
1478 200000 | 1345 710 901 901
1462 200000 | 1325 731 868 868
1518 200000 | 1381 724 931 931
1429 200000 | 1277 727 854 854
1514 200000 | 1380 782 866 866
1494 200000 | 1330 743 915 915
1460 200000 | 1323 693 904 904
1541 200000 | 1386 796 900 900
1497 200000 | 1340 746 908 908
1489 200000 | 1323 731 924 924
1488 200000 | 1339 733 904 904
1501 200000 | 1365 742 895 895
1531 200000 | 1389 733 940 940
1490 200000 | 1332 726 922 922
1535 200000 | 1402 743 925 925
1409 200000 | 1287 685 846 846
1481 200000 | 1330 734 898 898
1479 200000 | 1356 748 854 854
1470 200000 | 1334 748 858 858
1500 200000 | 1363 727 910 910
1475 200000 | 1350 694 906 906
1444 200000 | 1302 696 890 890
1487 200000 | 1349 696 929 929
352 48100 | 311 170 223 223
362 48100 | 328 175 221 221
377 48100 | 337 184 233 233
358 48100 | 321 169 226 226
360 48100 | 323 168 229 229
369 48100 | 337 186 215 215
374 48100 | 322 185 241 241
