1051 200000 | 1013 1040 49 49
1076 200000 | 1033 1065 54 54
1026 200000 | 995 1009 48 48
1016 200000 | 973 1003 56 56
1067 200000 | 1039 1052 43 43
1073 200000 | 1049 1063 34 34
984 200000 | 955 972 41 41
926 200000 | 895 914 43 43
1004 200000 | 978 998 32 32
970 200000 | 945 964 31 31
1071 200000 | 1044 1057 41 41
995 200000 | 967 987 36 36
1022 200000 | 995 1008 41 41
968 200000 | 938 950 48 48
1022 200000 | 990 1010 44 44
1007 200000 | 981 996 37 37
1009 200000 | 978 990 50 50
1020 200000 | 995 1013 32 32
977 200000 | 942 963 49 49
991 200000 | 958 979 45 45
1016 200000 | 995 1007 30 30
1092 200000 | 1065 1079 40 40
918 200000 | 891 902 43 43
1033 200000 | 1006 1022 38 38
1056 200000 | 1017 1044 51 51
973 200000 | 942 959 45 45
980 200000 | 940 971 49 49
962 200000 | 930 952 42 42
1063 200000 | 1028 1047 51 51
1017 200000 | 996 996 42 42
1081 200000 | 1044 1069 49 49
967 200000 | 930 950 54 54
992 200000 | 962 983 39 39
998 200000 | 965 992 39 39
1083 200000 | 1052 1073 41 41
996 200000 | 968 983 41 41
1057 200000 | 1036 1039 39 39
1006 200000 | 974 997 41 41
1031 200000 | 1005 1022 35 35
1069 200000 | 1043 1063 32 32
1068 200000 | 1043 1060 33 33
1056 200000 | 1026 1044 42 42
985 200000 | 963 972 35 35
1077 200000 | 1052 1067 35 35
1047 200000 | 1020 1034 40 40
1042 200000 | 1017 1027 40 40
1045 200000 | 1006 1025 59 59
993 200000 | 966 980 40 40
942 200000 | 925 930 29 29
1012 200000 | 987 1001 36 36
