0 200000 | 0 0 0 0
0 200000 | 0 0 0 0
1 200000 | 1 1 0 0
1 200000 | 1 1 0 0
1 200000 | 0 1 1 1
2 200000 | 1 2 1 1
1 200000 | 1 1 0 0
1 200000 | 1 1 0 0
2 200000 | 1 2 1 1
1 200000 | 0 1 1 1
2 200000 | 2 2 0 0
0 200000 | 0 0 0 0
1 200000 | 0 1 1 1
0 200000 | 0 0 0 0
4 200000 | 3 4 1 1
1 200000 | 0 1 1 1
1 200000 | 0 1 1 1
2 200000 | 2 2 0 0
2 160123 | 2 2 0 0
1 160123 | 0 1 1 1
0 160123 | 0 0 0 0
0 160123 | 0 0 0 0
0 160123 | 0 0 0 0
2 200000 | 2 2 0 0
1 200000 | 0 1 1 1
1 200000 | 0 1 1 1
0 200000 | 0 0 0 0
2 200000 | 0 2 2 2
0 200000 | 0 0 0 0
0 200000 | 0 0 0 0
0 200000 | 0 0 0 0
0 200000 | 0 0 0 0
2 200000 | 1 2 1 1
0 200000 | 0 0 0 0
0 200000 | 0 0 0 0
0 200000 | 0 0 0 0
1 200000 | 1 1 0 0
0 200000 | 0 0 0 0
1 200000 | 1 1 0 0
