689 200000 | 665 304 409 409
733 200000 | 694 338 434 434
749 200000 | 719 307 472 472
706 200000 | 678 308 426 426
684 200000 | 653 292 423 423
724 200000 | 693 300 455 455
747 200000 | 715 327 452 452
751 200000 | 719 320 463 463
743 200000 | 710 308 468 468
777 200000 | 740 336 478 478
769 200000 | 741 323 474 474
752 200000 | 720 320 464 464
733 200000 | 705 344 417 417
711 200000 | 682 300 440 440
724 200000 | 692 312 444 444
713 200000 | 681 323 422 422
719 200000 | 693 307 438 438
681 200000 | 660 276 426 426
721 200000 | 691 285 466 466
695 200000 | 671 290 429 429
757 200000 | 723 346 445 445
695 200000 | 668 320 402 402
736 200000 | 716 314 442 442
734 200000 | 709 323 436 436
691 200000 | 663 278 441 441
709 200000 | 681 297 440 440
765 200000 | 732 309 489 489
729 200000 | 705 308 445 445
714 200000 | 687 293 448 448
732 200000 | 708 338 418 418
702 200000 | 675 296 433 433
693 200000 | 668 308 410 410
741 200000 | 710 304 468 468
753 200000 | 727 329 450 450
738 200000 | 708 321 447 447
749 200000 | 715 327 456 456
742 200000 | 715 346 423 423
763 200000 | 734 315 477 477
755 200000 | 722 312 476 476
754 200000 | 729 320 459 459
719 200000 | 692 325 421 421
746 200000 | 719 322 451 451
738 200000 | 711 303 462 462
704 200000 | 686 285 437 437
718 200000 | 688 316 432 432
799 200000 | 760 346 492 492
725 200000 | 695 313 442 442
713 200000 | 693 322 411 411
725 200000 | 697 317 436 436
769 200000 | 741 331 466 466
830 200000 | 794 360 506 506
713 200000 | 688 288 450 450
720 200000 | 695 312 433 433
740 200000 | 714 313 453 453
789 200000 | 757 341 480 480
724 200000 | 703 298 447 447
753 200000 | 727 320 459 459
711 200000 | 686 321 415 415
700 200000 | 673 285 442 442
743 200000 | 715 321 450 450
703 200000 | 676 271 459 459
705 200000 | 680 279 451 451
702 200000 | 678 301 425 425
711 200000 | 681 305 436 436
747 200000 | 724 337 433 433
739 200000 | 714 299 465 465
778 200000 | 745 351 460 460
727 200000 | 700 330 424 424
753 200000 | 712 334 460 460
