142 200000 | 81 141 62 62
136 200000 | 61 136 75 75
154 200000 | 75 154 79 79
147 200000 | 73 147 74 74
127 200000 | 64 125 65 65
120 200000 | 54 120 66 66
118 200000 | 65 118 53 53
112 200000 | 70 112 42 42
124 200000 | 55 124 69 69
120 200000 | 66 119 55 55
133 200000 | 53 132 81 81
117 200000 | 54 117 63 63
143 200000 | 65 142 79 79
141 200000 | 65 141 76 76
112 200000 | 60 112 52 52
130 200000 | 72 130 58 58
155 200000 | 75 155 80 80
149 200000 | 77 148 73 73
128 200000 | 74 128 54 54
142 200000 | 62 142 80 80
127 200000 | 64 127 63 63
165 200000 | 75 165 90 90
150 200000 | 70 150 80 80
130 200000 | 66 130 64 64
110 200000 | 50 109 61 61
141 200000 | 69 141 72 72
146 200000 | 76 146 70 70
133 200000 | 60 133 73 73
146 200000 | 73 145 74 74
135 200000 | 68 135 67 67
132 200000 | 58 132 74 74
127 200000 | 67 127 60 60
142 200000 | 72 142 70 70
141 200000 | 78 141 63 63
153 200000 | 90 153 63 63
117 200000 | 64 117 53 53
130 200000 | 65 130 65 65
129 200000 | 64 129 65 65
115 200000 | 51 115 64 64
136 200000 | 72 136 64 64
129 200000 | 64 129 65 65
133 200000 | 74 132 60 60
141 200000 | 65 141 76 76
138 200000 | 62 138 76 76
150 200000 | 74 150 76 76
123 200000 | 58 123 65 65
138 200000 | 65 137 74 74
114 200000 | 62 114 52 52
137 200000 | 69 137 68 68
147 200000 | 65 147 82 82
160 200000 | 74 160 86 86
135 200000 | 64 134 72 72
142 200000 | 72 142 70 70
137 200000 | 73 135 66 66
128 200000 | 60 128 68 68
118 200000 | 61 117 58 58
152 200000 | 78 151 75 75
137 200000 | 64 137 73 73
113 200000 | 56 113 57 57
133 200000 | 72 133 61 61
139 200000 | 84 138 56 56
134 200000 | 77 132 59 59
126 200000 | 66 125 61 61
113 200000 | 55 113 58 58
125 200000 | 67 123 60 60
123 200000 | 59 123 64 64
154 200000 | 93 154 61 61
143 200000 | 70 143 73 73
143 200000 | 78 142 66 66
149 200000 | 68 149 81 81
131 200000 | 59 131 72 72
140 200000 | 77 140 63 63
147 200000 | 88 147 59 59
148 200000 | 73 147 76 76
128 200000 | 61 128 67 67
146 200000 | 74 146 72 72
136 200000 | 63 136 73 73
139 200000 | 74 139 65 65
147 200000 | 79 147 68 68
136 200000 | 64 135 73 73
138 200000 | 74 138 64 64
147 200000 | 75 146 73 73
106 200000 | 54 106 52 52
117 200000 | 57 117 60 60
137 200000 | 60 137 77 77
159 200000 | 78 159 81 81
127 200000 | 64 127 63 63
134 200000 | 71 133 64 64
149 200000 | 65 149 84 84
139 200000 | 67 138 73 73
122 200000 | 60 122 62 62
131 200000 | 69 131 62 62
142 200000 | 78 141 65 65
141 200000 | 71 141 70 70
121 200000 | 57 120 65 65
125 200000 | 62 125 63 63
134 200000 | 73 134 61 61
134 200000 | 52 133 83 83
120 200000 | 56 120 64 64
147 200000 | 72 147 75 75
132 200000 | 55 132 77 77
119 200000 | 69 118 51 51
135 200000 | 72 134 64 64
128 200000 | 71 128 57 57
140 200000 | 78 139 63 63
141 200000 | 77 141 64 64
142 200000 | 74 142 68 68
135 200000 | 67 135 68 68
125 200000 | 56 125 69 69
149 200000 | 67 148 83 83
150 200000 | 83 150 67 67
125 200000 | 62 124 64 64
119 200000 | 58 119 61 61
149 200000 | 92 149 57 57
147 200000 | 79 145 70 70
130 200000 | 72 129 59 59
141 200000 | 67 140 75 75
119 200000 | 55 119 64 64
140 200000 | 67 138 75 75
128 200000 | 70 127 59 59
147 200000 | 65 146 83 83
165 200000 | 98 165 67 67
144 200000 | 81 143 64 64
136 200000 | 68 136 68 68
135 200000 | 73 135 62 62
135 200000 | 57 132 81 81
116 200000 | 63 116 53 53
152 200000 | 72 152 80 80
132 200000 | 61 131 72 72
142 200000 | 80 141 63 63
126 200000 | 62 126 64 64
129 200000 | 65 129 64 64
120 200000 | 63 120 57 57
148 200000 | 72 147 77 77
125 200000 | 70 124 56 56
123 200000 | 51 122 73 73
132 200000 | 71 131 62 62
140 200000 | 73 139 68 68
123 200000 | 52 123 71 71
124 200000 | 64 123 61 61
126 200000 | 67 126 59 59
133 200000 | 76 133 57 57
123 200000 | 58 123 65 65
129 200000 | 55 129 74 74
116 200000 | 67 116 49 49
138 200000 | 72 138 66 66
135 200000 | 76 135 59 59
142 200000 | 69 141 74 74
125 200000 | 59 125 66 66
134 200000 | 69 134 65 65
135 200000 | 63 135 72 72
141 200000 | 61 141 80 80
118 200000 | 56 118 62 62
127 200000 | 75 127 52 52
139 200000 | 61 139 78 78
109 200000 | 60 109 49 49
138 200000 | 65 137 74 74
146 200000 | 71 146 75 75
117 200000 | 60 117 57 57
140 200000 | 77 140 63 63
127 200000 | 69 126 59 59
108 200000 | 62 108 46 46
122 200000 | 66 122 56 56
137 200000 | 61 137 76 76
145 200000 | 68 145 77 77
136 200000 | 71 135 66 66
134 200000 | 62 133 73 73
133 200000 | 53 131 82 82
138 200000 | 69 137 70 70
121 200000 | 49 120 73 73
124 200000 | 68 123 57 57
138 200000 | 62 137 77 77
134 200000 | 65 134 69 69
92 200000 | 54 92 38 38
131 200000 | 65 131 66 66
132 200000 | 59 132 73 73
109 200000 | 57 109 52 52
133 200000 | 77 133 56 56
157 200000 | 80 154 80 80
141 200000 | 67 140 75 75
132 200000 | 59 132 73 73
133 200000 | 74 133 59 59
133 200000 | 66 133 67 67
122 200000 | 66 122 56 56
106 200000 | 51 105 56 56
130 200000 | 61 130 69 69
125 200000 | 66 124 60 60
122 200000 | 59 122 63 63
130 200000 | 78 130 52 52
147 200000 | 60 146 88 88
137 200000 | 55 137 82 82
113 200000 | 58 112 56 56
138 200000 | 66 138 72 72
135 200000 | 67 135 68 68
122 200000 | 60 122 62 62
127 200000 | 54 125 75 75
146 200000 | 74 146 72 72
115 200000 | 60 113 57 57
117 200000 | 57 117 60 60
146 200000 | 72 146 74 74
123 200000 | 49 121 76 76
151 200000 | 74 150 78 78
147 200000 | 76 147 71 71
127 200000 | 51 127 76 76
149 200000 | 78 148 72 72
133 200000 | 74 132 60 60
133 200000 | 66 131 69 69
134 200000 | 68 133 67 67
140 200000 | 66 140 74 74
133 200000 | 75 133 58 58
115 200000 | 56 115 59 59
134 200000 | 72 132 64 64
144 200000 | 63 143 82 82
155 200000 | 88 152 70 70
141 200000 | 69 141 72 72
146 200000 | 69 146 77 77
137 200000 | 65 137 72 72
138 200000 | 68 137 71 71
145 200000 | 86 144 60 60
120 200000 | 58 120 62 62
119 200000 | 50 119 69 69
142 200000 | 75 142 67 67
113 200000 | 64 113 49 49
141 200000 | 73 139 70 70
136 200000 | 68 136 68 68
117 200000 | 62 117 55 55
112 200000 | 59 112 53 53
129 200000 | 54 129 75 75
110 200000 | 49 110 61 61
140 200000 | 85 138 57 57
139 200000 | 75 137 66 66
110 200000 | 58 110 52 52
124 200000 | 66 124 58 58
135 200000 | 66 134 70 70
157 200000 | 63 157 94 94
127 200000 | 62 127 65 65
125 200000 | 63 125 62 62
120 200000 | 55 119 66 66
124 200000 | 67 124 57 57
148 200000 | 73 147 76 76
115 200000 | 60 115 55 55
147 200000 | 78 147 69 69
120 200000 | 68 120 52 52
134 200000 | 71 134 63 63
140 200000 | 68 140 72 72
150 200000 | 71 150 79 79
139 200000 | 73 139 66 66
128 200000 | 54 128 74 74
121 200000 | 54 121 67 67
125 200000 | 64 125 61 61
134 200000 | 63 133 72 72
136 200000 | 70 136 66 66
133 200000 | 63 133 70 70
140 200000 | 70 140 70 70
141 200000 | 80 141 61 61
129 200000 | 55 127 76 76
159 200000 | 82 157 79 79
117 200000 | 56 116 62 62
137 200000 | 75 136 63 63
143 200000 | 72 142 72 72
130 200000 | 67 130 63 63
131 200000 | 72 131 59 59
121 200000 | 63 121 58 58
139 200000 | 71 139 68 68
129 200000 | 69 129 60 60
145 200000 | 79 145 66 66
126 200000 | 64 126 62 62
116 200000 | 68 115 49 49
132 200000 | 78 131 55 55
128 200000 | 60 128 68 68
150 200000 | 77 150 73 73
153 200000 | 67 153 86 86
146 200000 | 77 146 69 69
116 200000 | 59 116 57 57
152 200000 | 73 150 81 81
133 200000 | 64 133 69 69
135 200000 | 70 135 65 65
169 200000 | 80 169 89 89
152 200000 | 65 152 87 87
124 200000 | 69 123 56 56
126 200000 | 70 126 56 56
125 200000 | 65 125 60 60
117 200000 | 59 117 58 58
142 200000 | 68 141 75 75
139 200000 | 77 138 63 63
123 200000 | 49 122 75 75
132 200000 | 69 132 63 63
111 200000 | 47 110 65 65
113 200000 | 65 113 48 48
132 200000 | 67 131 66 66
114 200000 | 52 114 62 62
131 200000 | 65 131 66 66
121 200000 | 53 121 68 68
125 200000 | 62 124 64 64
148 200000 | 86 147 63 63
150 200000 | 62 150 88 88
129 200000 | 70 129 59 59
148 200000 | 78 147 71 71
115 200000 | 46 115 69 69
132 200000 | 65 132 67 67
127 200000 | 63 125 66 66
155 200000 | 82 155 73 73
130 200000 | 68 130 62 62
144 200000 | 80 141 67 67
144 200000 | 78 143 67 67
110 200000 | 47 109 64 64
140 200000 | 51 138 91 91
134 200000 | 78 134 56 56
128 200000 | 66 128 62 62
114 200000 | 58 114 56 56
132 200000 | 75 132 57 57
137 200000 | 70 136 68 68
148 200000 | 64 147 85 85
118 200000 | 69 118 49 49
147 200000 | 68 147 79 79
147 200000 | 70 147 77 77
148 200000 | 76 148 72 72
136 200000 | 72 136 64 64
139 200000 | 64 139 75 75
138 200000 | 77 137 62 62
135 200000 | 66 134 70 70
161 200000 | 75 161 86 86
135 200000 | 72 135 63 63
127 200000 | 73 126 55 55
123 200000 | 54 123 69 69
129 200000 | 64 129 65 65
159 200000 | 86 157 75 75
128 200000 | 59 128 69 69
136 200000 | 85 135 52 52
131 200000 | 67 130 65 65
127 200000 | 63 127 64 64
122 200000 | 54 122 68 68
118 200000 | 65 118 53 53
147 200000 | 71 147 76 76
152 200000 | 78 151 75 75
133 200000 | 65 132 69 69
144 200000 | 69 144 75 75
124 200000 | 64 124 60 60
131 200000 | 60 131 71 71
129 200000 | 75 129 54 54
130 200000 | 64 130 66 66
115 200000 | 59 115 56 56
151 200000 | 68 151 83 83
139 200000 | 71 138 69 69
142 200000 | 66 141 77 77
130 200000 | 67 129 64 64
153 200000 | 65 153 88 88
154 200000 | 76 153 79 79
128 200000 | 70 128 58 58
121 200000 | 61 121 60 60
145 200000 | 72 144 74 74
154 200000 | 74 154 80 80
127 200000 | 59 126 69 69
146 200000 | 71 146 75 75
120 200000 | 60 120 60 60
137 200000 | 72 137 65 65
128 200000 | 58 127 71 71
139 200000 | 70 139 69 69
126 200000 | 66 126 60 60
149 200000 | 71 149 78 78
133 200000 | 74 131 61 61
127 200000 | 66 125 63 63
137 200000 | 68 137 69 69
140 200000 | 71 139 70 70
132 200000 | 65 131 68 68
140 200000 | 72 140 68 68
136 200000 | 64 136 72 72
144 200000 | 63 143 82 82
141 200000 | 69 141 72 72
120 200000 | 51 120 69 69
145 200000 | 77 145 68 68
140 200000 | 76 140 64 64
123 200000 | 60 123 63 63
137 200000 | 69 137 68 68
144 200000 | 78 142 68 68
