664 200000 | 255 653 420 420
652 200000 | 228 648 428 428
689 200000 | 294 676 408 408
687 200000 | 267 683 424 424
667 200000 | 249 662 423 423
672 200000 | 273 662 409 409
737 200000 | 297 728 449 449
738 200000 | 283 728 465 465
663 200000 | 252 654 420 420
685 200000 | 279 678 413 413
665 200000 | 247 661 422 422
719 200000 | 288 709 441 441
696 200000 | 287 685 420 420
685 200000 | 261 683 426 426
731 200000 | 275 724 463 463
683 200000 | 244 678 444 444
733 200000 | 290 727 449 449
667 200000 | 264 661 409 409
698 200000 | 273 690 433 433
662 200000 | 248 659 417 417
717 200000 | 270 708 456 456
693 200000 | 268 686 432 432
685 200000 | 276 676 418 418
666 200000 | 248 657 427 427
645 200000 | 241 637 412 412
697 200000 | 253 687 454 454
647 200000 | 216 645 433 433
729 200000 | 283 723 452 452
665 200000 | 246 659 425 425
676 200000 | 255 670 427 427
647 200000 | 234 642 418 418
704 200000 | 274 697 437 437
663 200000 | 240 658 428 428
686 200000 | 247 681 444 444
683 200000 | 256 678 432 432
665 200000 | 251 655 424 424
654 200000 | 259 651 398 398
689 200000 | 260 679 439 439
712 200000 | 286 695 443 443
665 200000 | 263 657 410 410
694 200000 | 259 687 442 442
688 200000 | 271 677 428 428
695 200000 | 265 685 440 440
657 200000 | 247 646 421 421
693 200000 | 276 682 428 428
688 200000 | 260 682 434 434
694 200000 | 264 691 433 433
697 200000 | 288 692 414 414
702 200000 | 269 692 443 443
757 200000 | 274 742 498 498
655 200000 | 242 647 421 421
695 200000 | 265 688 437 437
714 200000 | 284 708 436 436
696 200000 | 244 689 459 459
688 200000 | 282 683 411 411
717 200000 | 264 711 459 459
675 200000 | 259 670 421 421
655 200000 | 261 648 401 401
697 200000 | 293 690 411 411
685 200000 | 263 677 430 430
687 200000 | 272 676 426 426
709 200000 | 286 699 433 433
665 200000 | 266 661 403 403
664 200000 | 281 655 392 392
705 200000 | 260 695 455 455
691 200000 | 272 685 425 425
689 200000 | 273 682 423 423
685 200000 | 269 681 420 420
701 200000 | 269 697 436 436
665 200000 | 259 660 411 411
686 200000 | 266 681 425 425
649 200000 | 242 640 416 416
737 200000 | 274 729 471 471
