157 200000 | 114 73 127 127
177 200000 | 125 80 149 149
195 200000 | 125 102 163 163
171 200000 | 107 93 142 142
176 200000 | 112 96 144 144
175 200000 | 107 91 152 152
208 200000 | 144 103 169 169
166 200000 | 111 78 143 143
190 200000 | 139 88 153 153
189 200000 | 123 97 158 158
195 200000 | 134 103 153 153
176 200000 | 126 84 142 142
187 200000 | 123 91 160 160
182 200000 | 126 87 151 151
224 200000 | 156 102 190 190
185 200000 | 118 98 154 154
174 200000 | 105 96 147 147
186 200000 | 119 91 162 162
174 200000 | 115 85 148 148
196 200000 | 127 106 159 159
177 200000 | 124 89 141 141
165 200000 | 112 87 131 131
191 200000 | 122 102 158 158
178 200000 | 103 105 148 148
197 200000 | 133 95 166 166
169 200000 | 121 74 143 143
186 200000 | 117 96 159 159
160 200000 | 107 77 136 136
162 200000 | 111 85 128 128
197 200000 | 127 105 162 162
179 200000 | 121 89 148 148
183 200000 | 123 86 157 157
167 200000 | 120 77 137 137
189 200000 | 121 95 162 162
183 200000 | 127 83 156 156
171 200000 | 120 77 145 145
184 200000 | 132 82 154 154
196 200000 | 137 90 165 165
161 200000 | 118 71 133 133
189 200000 | 114 101 163 163
162 200000 | 110 77 137 137
183 200000 | 107 103 156 156
166 200000 | 121 68 143 143
162 200000 | 115 81 128 128
167 200000 | 108 86 140 140
195 200000 | 130 98 162 162
174 200000 | 116 89 143 143
197 200000 | 129 96 169 169
158 200000 | 98 92 126 126
183 200000 | 121 90 155 155
171 200000 | 113 87 142 142
158 200000 | 108 74 134 134
192 200000 | 126 96 162 162
184 200000 | 120 91 157 157
159 200000 | 110 84 124 124
188 200000 | 111 104 161 161
189 200000 | 128 87 163 163
165 200000 | 111 81 138 138
183 200000 | 129 90 147 147
209 200000 | 140 99 179 179
190 200000 | 121 96 163 163
171 200000 | 116 86 140 140
211 200000 | 139 97 186 186
186 200000 | 138 83 151 151
174 200000 | 124 73 151 151
184 200000 | 124 90 154 154
189 200000 | 129 93 156 156
173 200000 | 122 79 145 145
164 200000 | 117 73 138 138
171 200000 | 111 90 141 141
190 200000 | 129 90 161 161
171 200000 | 112 89 141 141
174 200000 | 124 82 142 142
162 200000 | 112 82 130 130
196 200000 | 126 109 157 157
174 200000 | 104 95 149 149
215 200000 | 133 119 178 178
166 200000 | 111 82 139 139
180 200000 | 124 80 156 156
196 200000 | 125 107 160 160
159 200000 | 113 67 138 138
172 200000 | 120 91 133 133
161 200000 | 109 74 139 139
158 200000 | 102 76 138 138
184 200000 | 113 98 157 157
174 200000 | 130 85 133 133
170 200000 | 89 108 143 143
185 200000 | 118 92 160 160
166 200000 | 107 79 146 146
178 200000 | 116 98 142 142
161 200000 | 112 73 137 137
199 200000 | 126 106 166 166
187 200000 | 127 91 156 156
167 200000 | 108 88 138 138
185 200000 | 116 94 160 160
190 200000 | 126 94 160 160
168 200000 | 104 88 144 144
172 200000 | 112 87 145 145
193 200000 | 137 93 156 156
184 200000 | 122 94 152 152
164 200000 | 117 75 136 136
183 200000 | 133 84 149 149
169 200000 | 122 80 136 136
169 200000 | 106 85 147 147
178 200000 | 126 92 138 138
189 200000 | 133 95 150 150
185 200000 | 123 94 153 153
167 200000 | 105 94 135 135
176 200000 | 125 82 145 145
165 200000 | 102 91 137 137
202 200000 | 137 98 169 169
179 200000 | 122 79 157 157
186 200000 | 106 100 166 166
202 200000 | 133 106 165 165
158 200000 | 104 83 129 129
165 200000 | 103 82 145 145
176 200000 | 127 77 148 148
187 200000 | 126 103 145 145
188 200000 | 124 92 160 160
165 200000 | 107 86 137 137
151 200000 | 96 73 133 133
178 200000 | 116 89 151 151
165 200000 | 108 87 135 135
162 200000 | 104 77 143 143
181 200000 | 117 101 144 144
183 200000 | 114 101 151 151
167 200000 | 101 93 140 140
163 200000 | 105 92 129 129
191 200000 | 130 91 161 161
179 200000 | 110 98 150 150
174 200000 | 124 80 144 144
168 200000 | 114 83 139 139
182 200000 | 123 93 148 148
155 200000 | 106 79 125 125
170 200000 | 109 89 142 142
178 200000 | 121 90 145 145
173 200000 | 111 101 134 134
184 200000 | 119 96 153 153
175 200000 | 116 80 154 154
199 200000 | 134 103 161 161
174 200000 | 103 98 147 147
174 200000 | 118 90 140 140
194 200000 | 121 110 157 157
169 200000 | 105 91 142 142
183 200000 | 115 101 150 150
172 200000 | 116 88 140 140
182 200000 | 111 108 145 145
165 200000 | 108 87 135 135
170 200000 | 122 81 137 137
183 200000 | 122 104 140 140
201 200000 | 137 94 171 171
176 200000 | 116 93 143 143
170 200000 | 114 86 140 140
172 200000 | 122 74 148 148
191 200000 | 126 95 161 161
159 200000 | 100 83 135 135
201 200000 | 142 97 163 163
195 200000 | 136 90 164 164
164 200000 | 106 83 139 139
200 200000 | 150 89 161 161
165 200000 | 100 89 141 141
178 200000 | 113 93 150 150
174 200000 | 112 89 147 147
174 200000 | 118 82 148 148
176 200000 | 114 97 141 141
171 200000 | 112 85 145 145
156 200000 | 91 90 131 131
204 200000 | 134 105 169 169
176 200000 | 113 92 147 147
201 200000 | 126 109 167 167
161 200000 | 105 78 139 139
174 200000 | 114 89 145 145
184 200000 | 126 87 155 155
167 200000 | 125 77 132 132
192 200000 | 129 98 157 157
184 200000 | 128 89 151 151
206 200000 | 125 107 180 180
205 200000 | 122 112 176 176
187 200000 | 131 92 151 151
173 200000 | 111 92 143 143
162 200000 | 111 85 128 128
176 200000 | 118 86 148 148
170 200000 | 113 85 142 142
154 200000 | 99 79 130 130
179 200000 | 112 95 151 151
169 200000 | 113 76 149 149
173 200000 | 120 83 143 143
176 200000 | 115 97 140 140
159 200000 | 103 75 140 140
195 200000 | 123 106 161 161
217 200000 | 148 104 182 182
189 200000 | 128 100 150 150
182 200000 | 120 94 150 150
172 200000 | 128 79 137 137
190 200000 | 133 82 165 165
181 200000 | 120 91 151 151
186 200000 | 119 93 160 160
168 200000 | 119 81 136 136
189 200000 | 142 90 146 146
181 200000 | 115 86 161 161
177 200000 | 112 91 151 151
188 200000 | 123 93 160 160
171 200000 | 123 79 140 140
176 200000 | 111 99 142 142
210 200000 | 147 103 170 170
155 200000 | 100 79 131 131
171 200000 | 117 90 135 135
162 200000 | 112 86 126 126
167 200000 | 113 77 144 144
175 200000 | 124 86 140 140
174 200000 | 122 84 142 142
183 200000 | 132 78 156 156
197 200000 | 141 90 163 163
170 200000 | 117 88 135 135
175 200000 | 116 95 139 139
190 200000 | 129 101 150 150
178 200000 | 120 96 140 140
164 200000 | 115 76 137 137
176 200000 | 115 90 147 147
183 200000 | 124 98 144 144
178 200000 | 116 88 152 152
192 200000 | 127 97 160 160
175 200000 | 118 87 145 145
191 200000 | 124 101 157 157
190 200000 | 132 86 162 162
186 200000 | 130 83 159 159
177 200000 | 96 100 158 158
191 200000 | 123 99 160 160
188 200000 | 127 103 146 146
173 200000 | 106 94 146 146
199 200000 | 126 109 163 163
163 200000 | 103 77 146 146
197 200000 | 130 95 169 169
192 200000 | 129 95 160 160
185 200000 | 129 85 156 156
164 200000 | 122 76 130 130
194 200000 | 138 89 161 161
169 200000 | 121 79 138 138
184 200000 | 123 93 152 152
186 200000 | 114 104 154 154
184 200000 | 119 88 161 161
187 200000 | 128 97 149 149
171 200000 | 104 97 141 141
185 200000 | 121 84 165 165
193 200000 | 123 100 163 163
179 200000 | 119 90 149 149
177 200000 | 115 89 150 150
159 200000 | 110 84 124 124
195 200000 | 134 104 152 152
190 200000 | 121 104 155 155
194 200000 | 127 97 164 164
190 200000 | 129 101 150 150
192 200000 | 134 85 165 165
166 200000 | 103 99 130 130
176 200000 | 119 96 137 137
171 200000 | 118 76 148 148
165 200000 | 101 91 138 138
177 200000 | 105 101 148 148
196 200000 | 129 100 163 163
204 200000 | 142 94 172 172
176 200000 | 121 91 140 140
185 200000 | 119 101 150 150
164 200000 | 112 79 137 137
186 200000 | 116 102 154 154
190 200000 | 130 99 151 151
166 200000 | 110 83 139 139
179 200000 | 130 89 139 139
178 200000 | 113 90 153 153
179 200000 | 130 89 139 139
195 200000 | 128 97 165 165
198 200000 | 126 94 176 176
183 200000 | 131 92 143 143
195 200000 | 128 105 157 157
165 200000 | 102 85 143 143
188 200000 | 120 92 164 164
171 200000 | 108 97 137 137
188 200000 | 123 96 157 157
169 200000 | 119 80 139 139
167 200000 | 106 89 139 139
