353 200000 | 255 185 266 266
357 200000 | 273 174 267 267
340 200000 | 251 174 255 255
325 200000 | 248 165 237 237
326 200000 | 236 173 243 243
324 200000 | 242 165 241 241
376 200000 | 277 200 275 275
335 200000 | 250 175 245 245
351 200000 | 260 165 277 277
336 200000 | 241 176 255 255
310 200000 | 234 148 238 238
318 200000 | 232 164 240 240
368 200000 | 273 193 270 270
329 200000 | 250 163 245 245
348 200000 | 247 187 262 262
328 200000 | 234 160 262 262
317 200000 | 227 154 253 253
343 200000 | 250 174 262 262
341 200000 | 259 167 256 256
359 200000 | 272 175 271 271
326 200000 | 230 177 245 245
333 200000 | 238 169 259 259
358 200000 | 266 180 270 270
350 200000 | 252 191 257 257
355 200000 | 268 178 264 264
348 200000 | 262 171 263 263
339 200000 | 251 169 258 258
369 200000 | 288 175 275 275
298 200000 | 232 157 207 207
359 200000 | 269 163 286 286
342 200000 | 261 158 265 265
334 200000 | 249 165 254 254
353 200000 | 263 179 264 264
329 200000 | 248 163 247 247
346 200000 | 268 169 255 255
340 200000 | 259 177 244 244
328 200000 | 245 165 246 246
356 200000 | 259 185 268 268
373 200000 | 280 187 279 279
328 200000 | 241 160 255 255
340 200000 | 241 177 262 262
337 200000 | 236 168 270 270
337 200000 | 246 170 258 258
340 200000 | 257 171 252 252
354 200000 | 257 180 271 271
307 200000 | 228 149 237 237
344 200000 | 253 173 262 262
333 200000 | 255 166 245 245
347 200000 | 267 172 255 255
306 200000 | 230 145 237 237
348 200000 | 249 186 261 261
354 200000 | 280 170 258 258
335 200000 | 242 186 242 242
338 200000 | 251 185 240 240
358 200000 | 254 194 268 268
333 200000 | 240 175 251 251
323 200000 | 238 156 252 252
375 200000 | 287 186 277 277
332 200000 | 237 182 245 245
339 200000 | 249 179 250 250
318 200000 | 253 146 237 237
367 200000 | 266 185 283 283
360 200000 | 279 179 262 262
334 200000 | 244 165 259 259
326 200000 | 243 162 247 247
339 200000 | 262 164 252 252
337 200000 | 248 164 262 262
323 200000 | 234 171 241 241
335 200000 | 248 163 259 259
304 200000 | 225 155 228 228
336 200000 | 263 183 226 226
375 200000 | 289 194 267 267
332 200000 | 263 153 248 248
329 200000 | 255 161 242 242
327 200000 | 254 154 246 246
331 200000 | 248 163 251 251
368 200000 | 267 195 274 274
362 200000 | 275 188 261 261
333 200000 | 251 151 264 264
327 200000 | 244 170 240 240
347 200000 | 263 173 258 258
347 200000 | 261 176 257 257
337 200000 | 248 180 246 246
354 200000 | 269 176 263 263
342 200000 | 251 180 253 253
347 200000 | 254 173 267 267
330 200000 | 243 174 243 243
338 200000 | 257 156 263 263
351 200000 | 255 176 271 271
371 200000 | 284 191 267 267
340 200000 | 251 165 264 264
349 200000 | 258 174 266 266
337 200000 | 254 179 241 241
352 200000 | 271 175 258 258
330 200000 | 241 156 263 263
308 200000 | 227 167 222 222
336 200000 | 261 163 248 248
355 200000 | 249 176 285 285
326 200000 | 249 163 240 240
356 200000 | 277 175 260 260
321 200000 | 239 160 243 243
352 200000 | 259 180 265 265
360 200000 | 269 189 262 262
321 200000 | 230 179 233 233
364 200000 | 274 169 285 285
356 200000 | 269 182 261 261
341 200000 | 264 163 255 255
331 200000 | 249 172 241 241
380 200000 | 288 175 297 297
368 200000 | 288 188 260 260
322 200000 | 244 171 229 229
347 200000 | 260 178 256 256
371 200000 | 287 183 272 272
331 200000 | 250 171 241 241
324 200000 | 246 154 248 248
341 200000 | 258 173 251 251
339 200000 | 240 181 257 257
334 200000 | 258 171 239 239
342 200000 | 255 178 251 251
351 200000 | 265 164 273 273
362 200000 | 272 183 269 269
324 200000 | 245 158 245 245
