1 200000 | 0 1 1 1
4 200000 | 2 4 2 2
1 200000 | 0 1 1 1
2 200000 | 0 2 2 2
2 200000 | 0 2 2 2
1 200000 | 0 1 1 1
1 200000 | 0 1 1 1
1 200000 | 0 1 1 1
0 200000 | 0 0 0 0
0 200000 | 0 0 0 0
1 200000 | 0 1 1 1
1 200000 | 0 1 1 1
0 200000 | 0 0 0 0
0 200000 | 0 0 0 0
1 200000 | 0 1 1 1
2 200000 | 0 2 2 2
1 200000 | 0 1 1 1
1 200000 | 0 1 1 1
1 200000 | 1 1 0 0
3 200000 | 0 3 3 3
0 200000 | 0 0 0 0
0 200000 | 0 0 0 0
0 200000 | 0 0 0 0
0 200000 | 0 0 0 0
2 300000 | 0 2 2 2
2 300000 | 0 2 2 2
4 300000 | 0 4 4 4
2 300000 | 0 2 2 2
2 300000 | 0 2 2 2
1 300000 | 0 1 1 1
2 300000 | 0 2 2 2
0 300000 | 0 0 0 0
4 300000 | 0 4 4 4
2 300000 | 0 2 2 2
0 300000 | 0 0 0 0
2 300000 | 0 2 2 2
2 300000 | 0 2 2 2
3 300000 | 0 3 3 3
1 300000 | 0 1 1 1
0 300000 | 0 0 0 0
0 300000 | 0 0 0 0
0 300000 | 0 0 0 0
1 300000 | 0 1 1 1
3 300000 | 1 2 3 3
4 300000 | 1 4 3 3
2 300000 | 1 2 1 1
1 300000 | 0 1 1 1
0 300000 | 0 0 0 0
0 300000 | 0 0 0 0
2 300000 | 0 2 2 2
2 300000 | 1 2 1 1
1 300000 | 0 1 1 1
2 300000 | 0 2 2 2
1 300000 | 0 1 1 1
1 300000 | 0 1 1 1
2 300000 | 0 2 2 2
1 300000 | 0 1 1 1
1 300000 | 0 1 1 1
1 300000 | 0 1 1 1
1 300000 | 0 1 1 1
2 300000 | 0 2 2 2
0 300000 | 0 0 0 0
3 300000 | 1 3 2 2
1 300000 | 0 1 1 1
2 300000 | 0 2 2 2
1 300000 | 0 1 1 1
1 300000 | 1 1 0 0
0 300000 | 0 0 0 0
2 300000 | 0 2 2 2
2 300000 | 0 2 2 2
2 300000 | 0 2 2 2
1 300000 | 0 1 1 1
0 300000 | 0 0 0 0
1 300000 | 1 1 0 0
0 300000 | 0 0 0 0
3 300000 | 0 3 3 3
2 300000 | 0 2 2 2
0 300000 | 0 0 0 0
1 300000 | 0 1 1 1
2 300000 | 0 2 2 2
3 300000 | 0 3 3 3
2 300000 | 0 2 2 2
3 300000 | 0 3 3 3
2 300000 | 0 2 2 2
2 300000 | 0 2 2 2
1 300000 | 0 1 1 1
2 300000 | 0 2 2 2
0 300000 | 0 0 0 0
1 300000 | 0 1 1 1
2 300000 | 0 2 2 2
1 300000 | 1 1 0 0
3 300000 | 1 3 2 2
0 300000 | 0 0 0 0
1 300000 | 0 1 1 1
2 300000 | 0 2 2 2
0 300000 | 0 0 0 0
1 300000 | 0 1 1 1
3 300000 | 0 3 3 3
2 300000 | 0 2 2 2
2 300000 | 1 2 1 1
1 300000 | 0 1 1 1
1 300000 | 0 1 1 1
1 300000 | 0 1 1 1
1 300000 | 0 1 1 1
1 300000 | 0 1 1 1
5 300000 | 0 5 5 5
2 300000 | 0 2 2 2
3 300000 | 1 3 2 2
0 300000 | 0 0 0 0
2 300000 | 0 2 2 2
1 300000 | 0 1 1 1
0 300000 | 0 0 0 0
0 300000 | 0 0 0 0
2 300000 | 0 2 2 2
1 300000 | 1 1 0 0
1 300000 | 0 1 1 1
2 300000 | 0 2 2 2
2 300000 | 1 2 1 1
2 300000 | 0 2 2 2
5 300000 | 2 5 3 3
1 300000 | 0 1 1 1
2 300000 | 0 2 2 2
3 300000 | 0 3 3 3
0 300000 | 0 0 0 0
1 300000 | 0 1 1 1
3 300000 | 0 3 3 3
2 300000 | 0 2 2 2
3 300000 | 0 3 3 3
0 300000 | 0 0 0 0
3 300000 | 0 3 3 3
3 300000 | 1 3 2 2
3 300000 | 0 3 3 3
0 300000 | 0 0 0 0
2 300000 | 1 2 1 1
0 300000 | 0 0 0 0
2 300000 | 0 2 2 2
3 300000 | 0 3 3 3
0 300000 | 0 0 0 0
2 300000 | 0 2 2 2
1 300000 | 0 1 1 1
1 300000 | 0 1 1 1
2 300000 | 1 2 1 1
0 300000 | 0 0 0 0
2 300000 | 1 2 1 1
3 300000 | 0 3 3 3
3 300000 | 0 3 3 3
1 300000 | 0 1 1 1
2 300000 | 0 2 2 2
3 300000 | 0 3 3 3
1 300000 | 0 1 1 1
1 300000 | 1 1 0 0
3 300000 | 0 3 3 3
2 300000 | 0 2 2 2
3 300000 | 0 3 3 3
2 300000 | 0 2 2 2
1 300000 | 0 1 1 1
0 300000 | 0 0 0 0
4 300000 | 0 4 4 4
1 300000 | 0 1 1 1
2 300000 | 0 2 2 2
3 300000 | 1 3 2 2
0 300000 | 0 0 0 0
1 300000 | 0 1 1 1
3 300000 | 0 3 3 3
2 300000 | 0 2 2 2
5 300000 | 1 5 4 4
0 300000 | 0 0 0 0
3 300000 | 0 3 3 3
3 300000 | 0 3 3 3
2 300000 | 0 2 2 2
1 300000 | 0 1 1 1
1 300000 | 0 1 1 1
1 300000 | 1 1 0 0
0 300000 | 0 0 0 0
3 300000 | 0 3 3 3
3 300000 | 0 3 3 3
1 300000 | 0 1 1 1
3 300000 | 0 3 3 3
3 300000 | 0 3 3 3
2 300000 | 0 2 2 2
2 300000 | 0 2 2 2
2 300000 | 1 2 1 1
5 300000 | 0 5 5 5
1 300000 | 1 1 0 0
4 300000 | 0 4 4 4
2 300000 | 1 2 1 1
2 300000 | 0 2 2 2
