126 200000 | 90 66 96 96
130 200000 | 92 63 105 105
119 200000 | 83 61 94 94
139 200000 | 105 67 106 106
123 200000 | 92 56 98 98
126 200000 | 96 66 90 90
146 200000 | 109 77 106 106
128 200000 | 97 60 99 99
126 200000 | 93 62 97 97
106 200000 | 84 47 81 81
128 200000 | 96 59 101 101
149 200000 | 110 70 118 118
130 200000 | 90 68 102 102
143 200000 | 112 68 106 106
126 200000 | 96 68 88 88
141 200000 | 104 75 103 103
136 200000 | 105 77 90 90
156 200000 | 108 73 131 131
154 200000 | 120 72 116 116
165 200000 | 120 86 124 124
119 200000 | 83 57 98 98
119 200000 | 89 57 92 92
140 200000 | 101 81 98 98
128 200000 | 106 50 100 100
146 200000 | 118 72 102 102
140 200000 | 108 64 108 108
145 200000 | 126 55 109 109
121 200000 | 96 55 91 91
131 200000 | 105 60 97 97
128 200000 | 101 59 96 96
115 200000 | 77 64 89 89
136 200000 | 103 62 107 107
148 200000 | 113 67 116 116
122 200000 | 97 63 84 84
137 200000 | 104 70 100 100
111 200000 | 81 63 78 78
125 200000 | 87 70 93 93
154 200000 | 117 72 119 119
138 200000 | 98 73 105 105
136 200000 | 98 70 104 104
161 200000 | 122 78 122 122
146 200000 | 107 80 105 105
132 200000 | 101 67 96 96
128 200000 | 101 62 93 93
125 200000 | 95 57 98 98
146 200000 | 110 67 115 115
128 200000 | 95 66 95 95
130 200000 | 100 65 95 95
149 200000 | 99 87 112 112
141 200000 | 108 69 105 105
131 200000 | 91 72 99 99
113 200000 | 88 46 92 92
125 200000 | 87 64 99 99
132 200000 | 99 65 100 100
130 200000 | 95 67 98 98
150 200000 | 109 75 116 116
130 200000 | 94 68 98 98
141 200000 | 109 72 101 101
129 200000 | 85 75 98 98
138 200000 | 100 67 109 109
136 200000 | 100 65 107 107
131 200000 | 96 67 99 99
140 200000 | 120 57 103 103
154 200000 | 124 70 114 114
127 200000 | 82 80 92 92
122 200000 | 91 59 94 94
129 200000 | 102 69 87 87
123 200000 | 94 66 86 86
136 200000 | 97 70 105 105
131 200000 | 101 54 107 107
138 200000 | 105 69 102 102
150 200000 | 115 76 109 109
136 200000 | 101 62 109 109
141 200000 | 103 67 112 112
140 200000 | 100 75 105 105
122 200000 | 85 59 100 100
132 200000 | 94 78 92 92
125 200000 | 85 68 97 97
149 200000 | 110 78 110 110
124 200000 | 89 63 96 96
122 200000 | 95 55 94 94
132 200000 | 86 76 102 102
123 200000 | 88 67 91 91
124 200000 | 95 67 86 86
137 200000 | 108 68 98 98
140 200000 | 110 57 113 113
139 200000 | 104 76 98 98
113 200000 | 83 60 83 83
133 200000 | 101 64 101 101
121 200000 | 99 53 90 90
153 200000 | 116 73 117 117
136 200000 | 93 71 108 108
130 200000 | 93 70 97 97
140 200000 | 109 67 104 104
140 200000 | 106 74 100 100
138 200000 | 95 68 113 113
126 200000 | 91 71 90 90
122 200000 | 97 59 88 88
116 200000 | 83 65 84 84
140 200000 | 104 70 106 106
122 200000 | 96 54 94 94
130 200000 | 96 69 95 95
130 200000 | 97 65 98 98
130 200000 | 97 68 95 95
130 200000 | 93 79 88 88
134 200000 | 107 66 95 95
147 200000 | 110 70 114 114
135 200000 | 95 73 102 102
142 200000 | 111 85 88 88
140 200000 | 108 74 98 98
118 200000 | 81 68 87 87
144 200000 | 106 74 108 108
127 200000 | 100 57 97 97
124 200000 | 91 61 96 96
145 200000 | 109 68 113 113
142 200000 | 98 76 110 110
160 200000 | 112 91 117 117
135 200000 | 95 78 97 97
131 200000 | 103 66 93 93
125 200000 | 95 61 94 94
122 200000 | 92 61 91 91
128 200000 | 100 67 89 89
156 200000 | 123 74 115 115
151 200000 | 112 83 107 107
115 200000 | 81 53 96 96
119 200000 | 83 63 92 92
133 200000 | 99 69 98 98
155 200000 | 112 88 110 110
141 200000 | 99 75 108 108
147 200000 | 111 72 111 111
122 200000 | 97 56 91 91
127 200000 | 101 58 95 95
147 200000 | 117 62 115 115
125 200000 | 100 56 94 94
162 200000 | 114 88 122 122
125 200000 | 95 63 92 92
132 200000 | 95 64 105 105
137 200000 | 101 68 105 105
118 200000 | 87 65 84 84
144 200000 | 99 75 114 114
136 200000 | 106 74 92 92
142 200000 | 109 72 103 103
143 200000 | 100 75 111 111
140 200000 | 103 71 106 106
134 200000 | 101 62 105 105
106 200000 | 87 48 77 77
124 200000 | 98 62 88 88
131 200000 | 96 64 102 102
138 200000 | 106 70 100 100
138 200000 | 103 67 106 106
134 200000 | 101 60 107 107
158 200000 | 116 87 113 113
117 200000 | 97 61 76 76
142 200000 | 112 70 102 102
128 200000 | 96 69 91 91
134 200000 | 109 64 95 95
118 200000 | 91 60 85 85
146 200000 | 110 78 104 104
133 200000 | 102 61 103 103
141 200000 | 108 74 100 100
146 200000 | 110 71 111 111
133 200000 | 103 68 95 95
133 200000 | 103 56 107 107
122 200000 | 86 67 91 91
141 200000 | 109 67 106 106
150 200000 | 115 70 115 115
109 200000 | 79 57 82 82
123 200000 | 98 62 86 86
119 200000 | 85 64 89 89
136 200000 | 99 68 105 105
132 200000 | 103 69 92 92
151 200000 | 113 69 120 120
149 200000 | 109 68 121 121
126 200000 | 88 64 100 100
112 200000 | 86 61 77 77
148 200000 | 111 75 110 110
130 200000 | 102 68 90 90
144 200000 | 101 74 113 113
142 200000 | 104 86 94 94
137 200000 | 107 73 94 94
144 200000 | 108 78 102 102
121 200000 | 98 50 94 94
123 200000 | 95 58 93 93
122 200000 | 90 55 99 99
112 200000 | 89 50 85 85
134 200000 | 93 75 100 100
133 200000 | 101 76 89 89
131 200000 | 103 59 100 100
118 200000 | 89 57 90 90
137 200000 | 91 74 109 109
141 200000 | 110 79 93 93
144 200000 | 117 65 106 106
119 200000 | 89 60 89 89
134 200000 | 90 69 109 109
125 200000 | 92 63 95 95
133 200000 | 98 69 99 99
137 200000 | 104 69 101 101
153 200000 | 118 69 119 119
152 200000 | 119 70 115 115
138 200000 | 104 68 104 104
134 200000 | 97 73 98 98
159 200000 | 119 83 116 116
152 200000 | 116 74 114 114
148 200000 | 106 80 110 110
135 200000 | 100 75 95 95
139 200000 | 96 79 103 103
132 200000 | 97 64 103 103
120 200000 | 94 52 94 94
119 200000 | 86 61 91 91
122 200000 | 97 56 91 91
146 200000 | 116 67 109 109
132 200000 | 110 56 98 98
117 200000 | 87 68 79 79
151 200000 | 111 78 113 113
129 200000 | 94 63 101 101
116 200000 | 78 64 90 90
107 200000 | 84 44 86 86
148 200000 | 108 84 104 104
134 200000 | 98 69 101 101
121 200000 | 97 56 89 89
143 200000 | 105 76 105 105
143 200000 | 107 70 109 109
122 200000 | 98 61 85 85
144 200000 | 111 70 107 107
134 200000 | 106 61 101 101
141 200000 | 105 75 102 102
130 200000 | 99 70 91 91
123 200000 | 83 58 105 105
118 200000 | 84 57 95 95
119 200000 | 80 71 87 87
129 200000 | 94 76 88 88
142 200000 | 108 64 112 112
122 200000 | 91 59 94 94
127 200000 | 98 64 92 92
138 200000 | 106 62 108 108
131 200000 | 97 69 96 96
135 200000 | 92 72 106 106
130 200000 | 102 63 95 95
153 200000 | 116 74 116 116
154 200000 | 109 77 122 122
132 200000 | 106 56 102 102
138 200000 | 112 64 100 100
123 200000 | 87 61 98 98
117 200000 | 91 56 87 87
115 200000 | 82 59 89 89
143 200000 | 99 79 108 108
142 200000 | 107 71 106 106
153 200000 | 114 73 119 119
143 200000 | 108 74 104 104
149 200000 | 114 76 108 108
136 200000 | 92 72 108 108
143 200000 | 112 69 105 105
122 200000 | 99 60 85 85
131 200000 | 93 61 108 108
134 200000 | 99 66 103 103
142 200000 | 104 69 111 111
125 200000 | 90 61 99 99
155 200000 | 122 80 108 108
139 200000 | 110 56 112 112
127 200000 | 93 71 90 90
157 200000 | 119 74 121 121
138 200000 | 104 64 108 108
119 200000 | 79 70 89 89
115 200000 | 90 50 90 90
140 200000 | 103 63 114 114
155 200000 | 114 82 114 114
144 200000 | 103 82 103 103
115 200000 | 81 63 86 86
124 200000 | 94 65 89 89
160 200000 | 118 82 120 120
147 200000 | 110 73 111 111
155 200000 | 112 78 120 120
164 200000 | 124 72 132 132
119 200000 | 90 58 90 90
141 200000 | 105 65 112 112
138 200000 | 98 71 107 107
160 200000 | 130 67 123 123
109 200000 | 75 64 79 79
124 200000 | 92 61 95 95
115 200000 | 81 62 87 87
124 200000 | 100 60 88 88
150 200000 | 105 79 116 116
108 200000 | 80 58 78 78
151 200000 | 111 71 120 120
136 200000 | 98 78 96 96
151 200000 | 118 77 107 107
131 200000 | 102 65 95 95
133 200000 | 96 75 95 95
121 200000 | 96 54 92 92
122 200000 | 85 64 95 95
122 200000 | 99 57 88 88
131 200000 | 100 65 97 97
136 200000 | 110 62 100 100
140 200000 | 105 71 104 104
128 200000 | 96 74 86 86
127 200000 | 93 54 107 107
149 200000 | 108 76 114 114
147 200000 | 117 66 111 111
132 200000 | 103 61 100 100
122 200000 | 94 63 87 87
127 200000 | 92 60 102 102
117 200000 | 85 62 87 87
130 200000 | 93 74 93 93
123 200000 | 91 62 93 93
154 200000 | 120 68 120 120
140 200000 | 108 68 104 104
137 200000 | 103 78 93 93
144 200000 | 113 65 110 110
122 200000 | 90 63 91 91
120 200000 | 94 57 89 89
132 200000 | 106 53 105 105
130 200000 | 100 70 90 90
132 200000 | 104 61 99 99
170 200000 | 118 81 141 141
117 200000 | 88 58 88 88
154 200000 | 118 68 122 122
135 200000 | 107 65 98 98
146 200000 | 103 78 111 111
154 200000 | 116 76 116 116
131 200000 | 103 70 89 89
162 200000 | 124 76 124 124
145 200000 | 104 73 113 113
146 200000 | 112 66 114 114
121 200000 | 85 67 90 90
112 200000 | 85 51 88 88
132 200000 | 96 70 98 98
146 200000 | 110 73 109 109
149 200000 | 106 84 108 108
118 200000 | 95 49 92 92
126 200000 | 104 59 89 89
133 200000 | 103 61 102 102
117 200000 | 83 54 97 97
136 200000 | 107 75 90 90
146 200000 | 115 71 106 106
114 200000 | 86 57 85 85
117 200000 | 85 55 94 94
127 200000 | 98 62 94 94
139 200000 | 103 68 107 107
127 200000 | 90 64 100 100
132 200000 | 94 62 108 108
140 200000 | 104 70 106 106
124 200000 | 92 69 87 87
144 200000 | 105 81 102 102
132 200000 | 103 64 97 97
113 200000 | 80 60 86 86
146 200000 | 117 60 115 115
136 200000 | 90 73 109 109
123 200000 | 98 54 94 94
137 200000 | 108 62 104 104
120 200000 | 79 67 94 94
130 200000 | 101 70 89 89
114 200000 | 88 51 89 89
162 200000 | 120 81 123 123
143 200000 | 106 66 114 114
144 200000 | 117 73 98 98
138 200000 | 101 66 109 109
137 200000 | 108 71 95 95
149 200000 | 119 68 111 111
143 200000 | 112 77 97 97
137 200000 | 96 65 113 113
161 200000 | 116 91 115 115
139 200000 | 103 70 105 105
123 200000 | 85 61 100 100
148 200000 | 112 74 110 110
145 200000 | 109 69 112 112
123 200000 | 92 55 99 99
147 200000 | 114 72 108 108
116 200000 | 88 61 83 83
125 200000 | 99 57 94 94
145 200000 | 113 72 105 105
138 200000 | 92 77 107 107
123 200000 | 91 61 94 94
146 200000 | 107 80 105 105
