1718 200000 | 1588 943 905 905
1630 200000 | 1505 870 885 885
1727 200000 | 1615 927 912 912
1733 200000 | 1589 939 938 938
1670 200000 | 1516 920 904 904
1710 200000 | 1586 934 900 900
1726 200000 | 1605 943 904 904
1698 200000 | 1577 903 916 916
1753 200000 | 1625 947 934 934
1783 200000 | 1634 930 1002 1002
1743 200000 | 1608 920 958 958
1772 200000 | 1650 930 964 964
1685 200000 | 1552 902 916 916
1695 200000 | 1556 931 903 903
1798 200000 | 1670 930 996 996
1715 200000 | 1587 902 941 941
1761 200000 | 1633 963 926 926
1696 200000 | 1566 867 959 959
1678 200000 | 1547 919 890 890
1674 200000 | 1562 932 854 854
1691 200000 | 1577 852 953 953
1719 200000 | 1617 892 929 929
1708 200000 | 1569 930 917 917
1748 200000 | 1621 949 926 926
1741 200000 | 1590 976 916 916
1824 200000 | 1699 962 987 987
1687 200000 | 1577 892 905 905
1683 200000 | 1547 900 919 919
1775 200000 | 1650 931 969 969
1739 200000 | 1590 954 934 934
