530 200000 | 522 288 250 250
535 200000 | 529 258 283 283
515 200000 | 508 262 260 260
518 200000 | 511 265 260 260
524 200000 | 515 266 267 267
490 200000 | 485 239 256 256
483 200000 | 476 233 257 257
556 200000 | 547 289 276 276
542 200000 | 528 261 295 295
540 200000 | 532 268 280 280
508 200000 | 499 250 267 267
523 200000 | 515 245 286 286
538 200000 | 532 274 270 270
519 200000 | 508 260 270 270
536 200000 | 524 258 290 290
525 200000 | 520 264 266 266
510 200000 | 503 266 251 251
549 200000 | 540 286 272 272
533 200000 | 524 252 290 290
514 200000 | 507 262 259 259
501 200000 | 490 248 264 264
512 200000 | 508 245 271 271
557 200000 | 546 276 292 292
550 200000 | 540 281 279 279
528 200000 | 521 260 275 275
507 200000 | 500 245 269 269
511 200000 | 505 259 258 258
533 200000 | 527 263 276 276
543 200000 | 535 271 280 280
541 200000 | 530 276 276 276
526 200000 | 521 269 262 262
496 200000 | 488 252 252 252
540 200000 | 529 261 290 290
549 200000 | 543 280 275 275
536 200000 | 530 285 257 257
564 200000 | 551 306 271 271
491 200000 | 482 265 235 235
560 200000 | 549 275 296 296
491 200000 | 481 233 268 268
529 200000 | 522 287 249 249
520 200000 | 513 259 268 268
462 200000 | 456 246 222 222
487 200000 | 480 249 245 245
481 200000 | 475 223 264 264
484 200000 | 474 234 260 260
507 200000 | 498 254 262 262
497 200000 | 489 276 229 229
504 200000 | 498 266 244 244
487 200000 | 478 257 239 239
540 200000 | 527 273 280 280
514 200000 | 504 278 246 246
456 200000 | 451 224 237 237
500 200000 | 495 246 259 259
480 200000 | 473 240 247 247
524 200000 | 512 260 276 276
473 200000 | 467 246 233 233
516 200000 | 506 244 282 282
500 200000 | 491 247 262 262
520 200000 | 515 259 266 266
569 200000 | 560 291 287 287
527 200000 | 521 262 271 271
558 200000 | 550 272 294 294
492 200000 | 484 230 270 270
513 200000 | 507 269 250 250
517 200000 | 511 250 273 273
478 200000 | 471 236 249 249
506 200000 | 500 254 258 258
511 200000 | 503 243 276 276
530 200000 | 520 269 271 271
539 200000 | 532 257 289 289
503 200000 | 492 259 255 255
511 200000 | 506 252 264 264
497 200000 | 491 266 237 237
521 200000 | 514 266 262 262
552 200000 | 545 274 285 285
516 200000 | 507 243 282 282
507 200000 | 499 261 254 254
522 200000 | 516 240 288 288
525 200000 | 513 253 284 284
550 200000 | 544 303 253 253
555 200000 | 542 295 273 273
470 200000 | 462 235 243 243
524 200000 | 517 282 249 249
498 200000 | 489 246 261 261
545 200000 | 539 252 299 299
545 200000 | 539 301 250 250
528 200000 | 522 241 293 293
484 200000 | 477 250 241 241
561 200000 | 551 301 270 270
536 200000 | 530 289 253 253
474 200000 | 467 234 247 247
534 200000 | 525 268 275 275
516 200000 | 505 281 246 246
475 200000 | 469 233 248 248
556 200000 | 547 273 292 292
516 200000 | 508 266 258 258
560 200000 | 552 278 290 290
