111 200000 | 61 108 53 53
104 200000 | 57 99 52 52
95 200000 | 57 94 39 39
78 200000 | 54 75 27 27
101 200000 | 53 98 51 51
90 200000 | 46 90 44 44
109 200000 | 58 107 53 53
99 200000 | 60 94 44 44
81 200000 | 40 80 42 42
106 200000 | 62 99 51 51
89 200000 | 48 88 42 42
89 200000 | 44 87 47 47
84 200000 | 56 76 36 36
71 200000 | 41 69 32 32
104 200000 | 58 102 48 48
91 200000 | 47 88 47 47
85 200000 | 48 84 38 38
85 200000 | 56 83 31 31
99 200000 | 52 94 52 52
117 200000 | 66 114 54 54
84 200000 | 44 83 41 41
82 200000 | 45 79 40 40
103 200000 | 57 97 52 52
95 200000 | 58 91 41 41
77 200000 | 38 73 43 43
109 200000 | 60 103 55 55
100 200000 | 63 97 40 40
92 200000 | 55 88 41 41
90 200000 | 51 86 43 43
101 200000 | 56 98 48 48
96 200000 | 57 88 47 47
93 200000 | 53 85 48 48
86 200000 | 50 86 36 36
110 200000 | 60 106 54 54
82 200000 | 44 75 45 45
91 200000 | 57 88 37 37
107 200000 | 58 103 53 53
109 200000 | 57 106 55 55
96 200000 | 54 91 47 47
91 200000 | 52 85 45 45
101 200000 | 55 98 49 49
105 200000 | 55 103 52 52
85 200000 | 48 84 38 38
99 200000 | 60 94 44 44
102 200000 | 55 97 52 52
123 200000 | 63 122 61 61
97 200000 | 48 95 51 51
82 200000 | 53 80 31 31
91 200000 | 53 88 41 41
105 200000 | 63 104 43 43
95 200000 | 48 91 51 51
76 200000 | 50 75 27 27
132 300000 | 70 129 65 65
147 300000 | 85 140 69 69
146 300000 | 74 138 80 80
115 300000 | 81 107 42 42
162 300000 | 91 154 79 79
