361 200000 | 253 169 300 300
391 200000 | 257 191 334 334
384 200000 | 261 187 320 320
375 200000 | 250 183 317 317
358 200000 | 229 193 294 294
359 200000 | 233 193 292 292
362 200000 | 241 172 311 311
350 200000 | 226 184 290 290
360 200000 | 236 198 286 286
352 200000 | 234 175 295 295
359 200000 | 230 190 298 298
352 200000 | 240 180 284 284
357 200000 | 239 179 296 296
334 200000 | 215 163 290 290
351 200000 | 237 182 283 283
329 200000 | 234 152 272 272
352 200000 | 232 166 306 306
376 200000 | 227 197 328 328
373 200000 | 255 186 305 305
357 200000 | 238 179 297 297
360 200000 | 234 181 305 305
381 200000 | 246 209 307 307
366 200000 | 238 186 308 308
373 200000 | 242 184 320 320
413 200000 | 263 221 342 342
378 200000 | 258 191 307 307
385 200000 | 275 178 317 317
345 200000 | 233 169 288 288
362 200000 | 229 188 307 307
399 200000 | 278 191 329 329
361 200000 | 253 173 296 296
360 200000 | 249 170 301 301
353 200000 | 229 190 287 287
354 200000 | 246 168 294 294
363 200000 | 226 185 315 315
364 200000 | 223 196 309 309
381 200000 | 252 194 316 316
358 200000 | 252 175 289 289
379 200000 | 256 193 309 309
339 200000 | 236 159 283 283
390 200000 | 272 183 325 325
348 200000 | 201 200 295 295
376 200000 | 241 196 315 315
389 200000 | 269 190 319 319
342 200000 | 227 176 281 281
355 200000 | 246 177 287 287
356 200000 | 234 191 287 287
349 200000 | 237 160 301 301
373 200000 | 254 179 313 313
362 200000 | 252 170 302 302
351 200000 | 223 185 294 294
372 200000 | 252 193 299 299
344 200000 | 223 186 279 279
337 200000 | 236 165 273 273
372 200000 | 254 176 314 314
373 200000 | 243 193 310 310
360 200000 | 222 199 299 299
347 200000 | 226 185 283 283
365 200000 | 243 170 317 317
369 200000 | 248 166 324 324
351 200000 | 217 193 292 292
379 200000 | 250 186 322 322
353 200000 | 236 177 293 293
349 200000 | 240 167 291 291
364 200000 | 232 200 296 296
362 200000 | 223 195 306 306
388 200000 | 261 208 307 307
374 200000 | 238 200 310 310
382 200000 | 255 185 324 324
370 200000 | 243 185 312 312
391 200000 | 260 199 323 323
331 200000 | 216 176 270 270
339 200000 | 235 179 264 264
362 200000 | 250 176 298 298
359 200000 | 247 183 288 288
373 200000 | 243 182 321 321
363 200000 | 242 192 292 292
331 200000 | 219 172 271 271
343 200000 | 223 184 279 279
355 200000 | 230 178 302 302
369 200000 | 255 183 300 300
360 200000 | 254 173 293 293
348 200000 | 235 168 293 293
338 200000 | 219 180 277 277
360 200000 | 241 183 296 296
376 200000 | 253 192 307 307
390 200000 | 255 199 326 326
380 200000 | 263 187 310 310
392 200000 | 271 183 330 330
377 200000 | 257 194 303 303
348 200000 | 229 175 292 292
358 200000 | 242 178 296 296
365 200000 | 248 176 306 306
367 200000 | 250 176 308 308
350 200000 | 218 184 298 298
369 200000 | 260 177 301 301
320 200000 | 208 159 273 273
348 200000 | 240 171 285 285
350 200000 | 228 173 299 299
370 200000 | 244 198 298 298
371 200000 | 249 180 313 313
339 200000 | 219 182 277 277
373 200000 | 232 190 324 324
339 200000 | 230 162 286 286
395 200000 | 265 208 317 317
361 200000 | 236 185 301 301
371 200000 | 242 202 298 298
355 200000 | 228 184 298 298
373 200000 | 258 189 299 299
363 200000 | 243 182 301 301
347 200000 | 233 171 290 290
377 200000 | 252 185 317 317
384 200000 | 254 190 324 324
333 200000 | 238 155 273 273
355 200000 | 248 171 291 291
356 200000 | 234 189 289 289
372 200000 | 259 177 308 308
349 200000 | 213 195 290 290
370 200000 | 254 176 310 310
333 200000 | 214 181 271 271
386 200000 | 255 196 321 321
375 200000 | 257 190 303 303
391 200000 | 232 223 327 327
354 200000 | 228 185 295 295
317 200000 | 197 173 264 264
379 200000 | 262 187 309 309
371 200000 | 240 199 303 303
344 200000 | 223 197 268 268
391 200000 | 253 195 334 334
368 200000 | 248 175 313 313
340 200000 | 224 178 278 278
365 200000 | 249 175 306 306
363 200000 | 253 169 304 304
364 200000 | 235 178 315 315
376 200000 | 240 203 309 309
367 200000 | 261 174 299 299
354 200000 | 236 177 295 295
351 200000 | 244 177 281 281
