247 200000 | 245 116 133 133
304 200000 | 302 161 145 145
241 200000 | 238 127 117 117
261 200000 | 254 124 144 144
251 200000 | 249 119 134 134
249 200000 | 249 132 117 117
231 200000 | 229 125 108 108
273 200000 | 271 124 151 151
260 200000 | 258 128 134 134
270 200000 | 270 129 141 141
250 200000 | 247 136 117 117
250 200000 | 247 141 112 112
261 200000 | 258 137 127 127
251 200000 | 248 129 125 125
269 200000 | 265 143 130 130
269 200000 | 266 125 147 147
258 200000 | 257 128 131 131
233 200000 | 233 121 112 112
248 200000 | 247 129 120 120
251 200000 | 251 123 128 128
240 200000 | 236 113 131 131
256 200000 | 254 130 128 128
247 200000 | 245 128 121 121
268 200000 | 264 133 139 139
278 200000 | 276 133 147 147
235 200000 | 231 101 138 138
241 200000 | 238 114 130 130
252 200000 | 250 120 134 134
266 200000 | 264 139 129 129
259 200000 | 258 133 127 127
245 200000 | 243 133 114 114
263 200000 | 261 122 143 143
267 200000 | 262 131 141 141
223 200000 | 220 109 117 117
270 200000 | 267 141 132 132
241 200000 | 238 118 126 126
238 200000 | 238 111 127 127
278 200000 | 274 120 162 162
238 200000 | 237 117 122 122
277 200000 | 276 151 127 127
256 200000 | 254 123 135 135
227 200000 | 225 123 106 106
234 200000 | 233 100 135 135
248 200000 | 247 113 136 136
298 200000 | 296 150 150 150
247 200000 | 243 124 127 127
252 200000 | 251 132 121 121
254 200000 | 249 128 131 131
268 200000 | 267 124 145 145
272 200000 | 270 129 145 145
285 200000 | 282 150 138 138
278 200000 | 278 123 155 155
260 200000 | 259 153 108 108
230 200000 | 228 120 112 112
256 200000 | 251 145 116 116
239 200000 | 236 136 106 106
232 200000 | 231 123 110 110
273 200000 | 273 151 122 122
234 200000 | 233 131 104 104
232 200000 | 231 114 119 119
241 200000 | 241 117 124 124
236 200000 | 233 118 121 121
241 200000 | 237 114 131 131
259 200000 | 251 145 122 122
271 200000 | 271 130 141 141
258 200000 | 253 139 124 124
251 200000 | 251 116 135 135
274 200000 | 270 145 133 133
250 200000 | 248 128 124 124
241 200000 | 239 118 125 125
253 200000 | 250 127 129 129
251 200000 | 249 139 114 114
244 200000 | 242 125 121 121
257 200000 | 253 132 129 129
272 200000 | 270 133 141 141
259 200000 | 257 122 139 139
233 200000 | 233 111 122 122
234 200000 | 232 130 106 106
263 200000 | 260 127 139 139
261 200000 | 257 154 111 111
214 200000 | 212 119 97 97
230 200000 | 228 126 106 106
260 200000 | 257 132 131 131
282 200000 | 281 142 141 141
248 200000 | 247 120 129 129
238 200000 | 237 123 116 116
256 200000 | 253 132 127 127
260 200000 | 255 139 126 126
249 200000 | 247 122 129 129
277 200000 | 273 143 138 138
260 200000 | 259 116 145 145
254 200000 | 252 113 143 143
255 200000 | 253 126 131 131
260 200000 | 259 130 131 131
255 200000 | 252 136 122 122
238 200000 | 238 116 122 122
225 200000 | 223 109 118 118
287 200000 | 287 133 154 154
242 200000 | 240 143 101 101
265 200000 | 265 124 141 141
260 200000 | 257 133 130 130
260 200000 | 254 150 116 116
260 200000 | 258 141 121 121
257 200000 | 255 126 133 133
264 200000 | 263 138 127 127
239 200000 | 239 110 129 129
265 200000 | 264 123 143 143
273 200000 | 271 135 140 140
234 200000 | 233 131 104 104
241 200000 | 239 121 122 122
250 200000 | 248 125 127 127
248 200000 | 245 131 120 120
241 200000 | 240 130 112 112
256 200000 | 255 120 137 137
263 200000 | 260 130 136 136
267 200000 | 266 148 120 120
266 200000 | 260 126 146 146
246 200000 | 246 118 128 128
248 200000 | 244 148 104 104
287 200000 | 286 155 133 133
269 200000 | 268 118 152 152
229 200000 | 228 110 120 120
237 200000 | 237 113 124 124
243 200000 | 239 123 124 124
254 200000 | 254 138 116 116
244 200000 | 243 119 126 126
239 200000 | 239 126 113 113
245 200000 | 243 117 130 130
266 200000 | 263 150 119 119
223 200000 | 222 104 120 120
231 200000 | 227 112 123 123
255 200000 | 254 132 124 124
241 200000 | 239 115 128 128
236 200000 | 231 125 116 116
259 200000 | 258 135 125 125
243 200000 | 240 116 130 130
263 200000 | 261 129 136 136
249 200000 | 249 125 124 124
254 200000 | 252 125 131 131
297 200000 | 295 151 148 148
235 200000 | 234 129 107 107
243 200000 | 240 126 120 120
264 200000 | 262 141 125 125
260 200000 | 259 129 132 132
277 200000 | 273 144 137 137
260 200000 | 257 141 122 122
262 200000 | 258 139 127 127
259 200000 | 257 129 132 132
261 200000 | 259 134 129 129
269 200000 | 265 148 125 125
256 200000 | 254 136 122 122
238 200000 | 234 130 112 112
246 200000 | 242 122 128 128
271 200000 | 266 150 126 126
260 200000 | 259 138 123 123
256 200000 | 255 131 126 126
247 200000 | 245 128 121 121
245 200000 | 244 121 125 125
248 200000 | 246 126 124 124
287 200000 | 286 143 145 145
266 200000 | 263 143 126 126
264 200000 | 261 129 138 138
247 200000 | 246 117 131 131
274 200000 | 272 126 150 150
264 200000 | 261 138 129 129
241 200000 | 239 132 111 111
269 200000 | 267 137 134 134
246 200000 | 245 113 134 134
250 200000 | 249 125 126 126
251 200000 | 250 134 118 118
292 200000 | 289 144 151 151
258 200000 | 257 116 143 143
261 200000 | 258 129 135 135
240 200000 | 235 130 115 115
232 200000 | 229 125 110 110
273 200000 | 270 128 148 148
253 200000 | 250 120 136 136
283 200000 | 279 146 141 141
236 200000 | 236 135 101 101
243 200000 | 242 112 132 132
252 200000 | 251 120 133 133
255 200000 | 254 138 118 118
252 200000 | 248 139 117 117
257 200000 | 256 118 140 140
260 200000 | 257 118 145 145
219 200000 | 218 126 94 94
251 200000 | 250 132 120 120
267 200000 | 264 129 141 141
239 200000 | 239 122 117 117
274 200000 | 272 142 134 134
264 200000 | 264 130 134 134
246 200000 | 246 114 132 132
267 200000 | 266 121 147 147
269 200000 | 267 145 126 126
245 200000 | 244 133 113 113
270 200000 | 269 151 120 120
259 200000 | 257 139 122 122
