647 200000 | 502 318 474 474
682 200000 | 523 338 503 503
681 200000 | 519 377 466 466
744 200000 | 546 383 559 559
702 200000 | 519 354 531 531
669 200000 | 496 366 476 476
694 200000 | 519 375 494 494
691 200000 | 506 337 539 539
705 200000 | 505 383 522 522
732 200000 | 547 364 553 553
703 200000 | 513 357 536 536
662 200000 | 518 310 496 496
700 200000 | 529 350 521 521
707 200000 | 537 366 511 511
679 200000 | 525 345 488 488
692 200000 | 522 332 530 530
720 200000 | 538 380 522 522
660 200000 | 497 316 507 507
751 200000 | 571 350 581 581
694 200000 | 521 354 513 513
720 200000 | 545 341 554 554
705 200000 | 533 342 535 535
630 200000 | 464 316 480 480
685 200000 | 497 370 503 503
650 200000 | 480 355 465 465
702 200000 | 525 357 522 522
716 200000 | 536 386 510 510
686 200000 | 522 343 507 507
707 200000 | 529 351 534 534
710 200000 | 530 365 525 525
682 200000 | 511 356 497 497
668 200000 | 488 353 495 495
699 200000 | 507 371 520 520
672 200000 | 512 336 496 496
648 200000 | 506 329 461 461
701 200000 | 500 392 510 510
715 200000 | 541 351 538 538
719 200000 | 522 374 542 542
663 200000 | 481 344 501 501
722 200000 | 545 360 539 539
741 200000 | 558 380 544 544
679 200000 | 521 347 490 490
674 200000 | 496 340 512 512
686 200000 | 491 363 518 518
689 200000 | 511 361 506 506
693 200000 | 529 343 514 514
677 200000 | 503 351 500 500
728 200000 | 548 367 541 541
729 200000 | 555 369 534 534
693 200000 | 534 352 500 500
725 200000 | 549 354 547 547
708 200000 | 545 366 505 505
662 200000 | 493 334 497 497
709 200000 | 537 355 526 526
662 200000 | 510 324 490 490
721 200000 | 532 371 539 539
711 200000 | 538 342 542 542
677 200000 | 510 362 482 482
689 200000 | 509 361 508 508
644 200000 | 514 302 472 472
