289 200000 | 223 210 145 145
271 200000 | 197 211 134 134
251 200000 | 202 186 114 114
272 200000 | 214 210 120 120
268 200000 | 208 196 132 132
259 200000 | 181 205 132 132
282 200000 | 205 207 152 152
255 200000 | 178 185 147 147
273 200000 | 194 199 153 153
260 200000 | 196 193 131 131
260 200000 | 203 191 126 126
249 200000 | 201 185 112 112
279 200000 | 213 220 125 125
252 200000 | 198 188 118 118
274 200000 | 211 209 128 128
297 200000 | 231 217 146 146
262 200000 | 203 186 135 135
269 200000 | 200 204 134 134
285 200000 | 213 225 132 132
260 200000 | 192 191 137 137
253 200000 | 183 182 141 141
262 200000 | 190 193 141 141
280 200000 | 202 200 158 158
265 200000 | 206 201 123 123
286 200000 | 210 217 145 145
252 200000 | 186 188 130 130
261 200000 | 207 181 134 134
246 200000 | 180 189 123 123
271 200000 | 212 201 129 129
257 200000 | 192 195 127 127
253 200000 | 192 180 134 134
298 200000 | 221 226 149 149
263 200000 | 199 192 135 135
268 200000 | 207 211 118 118
274 200000 | 207 207 134 134
279 200000 | 214 207 137 137
224 200000 | 168 174 106 106
217 200000 | 158 172 104 104
263 200000 | 192 192 142 142
269 200000 | 196 211 131 131
267 200000 | 186 207 141 141
250 200000 | 180 199 121 121
276 200000 | 188 212 152 152
260 200000 | 181 194 145 145
273 200000 | 186 223 137 137
254 200000 | 195 188 125 125
277 200000 | 204 221 129 129
262 200000 | 211 193 120 120
254 200000 | 200 189 119 119
273 200000 | 221 195 130 130
275 200000 | 194 204 152 152
262 200000 | 186 204 134 134
270 200000 | 209 205 126 126
252 200000 | 195 188 121 121
270 200000 | 199 194 147 147
261 200000 | 194 201 127 127
250 200000 | 182 193 125 125
270 200000 | 210 199 131 131
296 200000 | 225 222 145 145
270 200000 | 204 197 139 139
260 200000 | 195 196 129 129
263 200000 | 188 191 147 147
267 200000 | 198 204 132 132
279 200000 | 208 206 144 144
257 200000 | 190 194 130 130
244 200000 | 175 182 131 131
258 200000 | 194 197 125 125
273 200000 | 204 217 125 125
294 200000 | 207 221 160 160
273 200000 | 207 202 137 137
293 200000 | 214 212 160 160
241 200000 | 179 183 120 120
256 200000 | 189 203 120 120
256 200000 | 196 195 121 121
266 200000 | 202 205 125 125
264 200000 | 196 203 129 129
296 200000 | 218 229 145 145
246 200000 | 183 184 125 125
268 200000 | 189 202 145 145
272 200000 | 195 206 143 143
297 200000 | 224 225 145 145
279 200000 | 217 205 136 136
253 200000 | 180 190 136 136
236 200000 | 176 182 114 114
239 200000 | 169 179 130 130
244 200000 | 192 186 110 110
284 200000 | 212 222 134 134
258 200000 | 194 200 122 122
259 200000 | 197 197 124 124
277 200000 | 214 212 128 128
272 200000 | 207 196 141 141
274 200000 | 198 211 139 139
269 200000 | 211 207 120 120
247 200000 | 180 182 132 132
251 200000 | 186 182 134 134
299 200000 | 210 226 162 162
280 200000 | 212 212 136 136
286 200000 | 218 208 146 146
265 200000 | 201 197 132 132
274 200000 | 205 200 143 143
297 200000 | 219 227 148 148
289 200000 | 206 231 141 141
244 200000 | 180 185 123 123
277 200000 | 217 204 133 133
264 200000 | 205 188 135 135
247 200000 | 186 187 121 121
274 200000 | 203 213 132 132
285 200000 | 217 214 139 139
272 200000 | 207 209 128 128
280 200000 | 218 213 129 129
237 200000 | 166 184 124 124
307 200000 | 238 242 134 134
295 200000 | 213 230 147 147
274 200000 | 197 205 146 146
252 200000 | 178 190 136 136
259 200000 | 194 195 129 129
257 200000 | 198 189 127 127
277 200000 | 214 200 140 140
267 200000 | 200 191 143 143
288 200000 | 205 210 161 161
265 200000 | 199 214 117 117
245 200000 | 193 178 119 119
281 200000 | 212 220 130 130
272 200000 | 193 210 141 141
250 200000 | 185 195 120 120
242 200000 | 181 191 112 112
270 200000 | 191 199 150 150
261 200000 | 179 204 139 139
265 200000 | 202 196 132 132
286 200000 | 205 221 146 146
244 200000 | 182 190 116 116
300 200000 | 219 235 146 146
245 200000 | 174 184 132 132
261 200000 | 196 202 124 124
243 200000 | 177 181 128 128
287 200000 | 207 218 149 149
265 200000 | 209 186 135 135
287 200000 | 212 219 143 143
270 200000 | 204 208 128 128
275 200000 | 200 206 144 144
244 200000 | 182 176 130 130
272 200000 | 196 206 142 142
256 200000 | 192 184 136 136
262 200000 | 188 206 130 130
260 200000 | 202 196 122 122
279 200000 | 207 218 133 133
235 200000 | 165 184 121 121
273 200000 | 196 195 155 155
281 200000 | 199 219 144 144
278 200000 | 192 223 141 141
279 200000 | 205 215 138 138
266 200000 | 203 198 131 131
253 200000 | 196 182 128 128
254 200000 | 194 195 119 119
276 200000 | 205 205 142 142
255 200000 | 194 190 126 126
250 200000 | 171 186 143 143
257 200000 | 187 185 142 142
269 200000 | 190 205 143 143
283 200000 | 206 221 139 139
266 200000 | 202 206 124 124
260 200000 | 197 182 141 141
267 200000 | 200 208 126 126
252 200000 | 195 192 117 117
286 200000 | 209 212 151 151
282 200000 | 208 219 137 137
268 200000 | 184 194 158 158
264 200000 | 200 202 126 126
269 200000 | 209 194 135 135
287 200000 | 213 208 153 153
278 200000 | 211 215 130 130
243 200000 | 174 184 128 128
265 200000 | 200 190 140 140
260 200000 | 203 193 124 124
247 200000 | 183 176 135 135
283 200000 | 222 199 145 145
275 200000 | 195 202 153 153
277 200000 | 210 192 152 152
260 200000 | 211 190 119 119
283 200000 | 218 216 132 132
268 200000 | 196 205 135 135
274 200000 | 205 205 138 138
256 200000 | 190 196 126 126
232 200000 | 166 185 113 113
288 200000 | 231 215 130 130
225 200000 | 169 160 121 121
256 200000 | 196 198 118 118
256 200000 | 201 194 117 117
