1187 200000 | 520 1146 708 708
1109 200000 | 479 1071 668 668
1126 200000 | 453 1084 715 715
1109 200000 | 460 1073 685 685
1180 200000 | 475 1145 740 740
1158 200000 | 471 1123 722 722
1189 200000 | 535 1153 690 690
1129 200000 | 479 1091 688 688
1104 200000 | 469 1078 661 661
1120 200000 | 483 1077 680 680
1192 200000 | 508 1135 741 741
1099 200000 | 490 1073 635 635
1177 200000 | 486 1138 730 730
1178 200000 | 510 1131 715 715
1091 200000 | 483 1044 655 655
1198 200000 | 508 1152 736 736
1204 200000 | 510 1171 727 727
1164 200000 | 505 1115 708 708
1192 200000 | 501 1163 720 720
1121 200000 | 496 1088 658 658
1141 200000 | 474 1107 701 701
1215 200000 | 548 1178 704 704
1118 200000 | 487 1077 672 672
1129 200000 | 482 1096 680 680
1171 200000 | 515 1137 690 690
1121 200000 | 466 1088 688 688
1094 200000 | 472 1062 654 654
1134 200000 | 520 1085 663 663
1167 200000 | 514 1124 696 696
1177 200000 | 526 1142 686 686
1117 200000 | 488 1079 667 667
1149 200000 | 484 1108 706 706
1108 200000 | 474 1070 672 672
1146 200000 | 476 1108 708 708
1122 200000 | 473 1091 680 680
1199 200000 | 526 1161 711 711
1171 200000 | 519 1132 691 691
1137 200000 | 499 1104 671 671
1207 200000 | 546 1166 702 702
1198 200000 | 514 1160 722 722
1182 200000 | 499 1144 721 721
1168 200000 | 492 1124 720 720
1222 200000 | 514 1168 762 762
1185 200000 | 521 1144 705 705
