179 200000 | 80 122 156 156
166 200000 | 84 114 134 134
190 200000 | 94 130 156 156
190 200000 | 92 126 162 162
182 200000 | 88 135 141 141
211 200000 | 101 139 182 182
179 200000 | 89 127 142 142
182 200000 | 81 131 152 152
166 200000 | 92 116 124 124
196 200000 | 92 142 158 158
200 200000 | 102 124 174 174
174 200000 | 87 119 142 142
170 200000 | 89 109 142 142
152 200000 | 86 89 129 129
189 200000 | 88 131 159 159
196 200000 | 106 126 160 160
192 200000 | 85 138 161 161
168 200000 | 89 105 142 142
174 200000 | 87 115 146 146
169 200000 | 85 119 134 134
171 200000 | 96 104 142 142
167 200000 | 85 113 136 136
196 200000 | 94 131 167 167
192 200000 | 96 127 161 161
158 200000 | 76 95 145 145
156 200000 | 86 95 131 131
187 200000 | 87 136 151 151
172 200000 | 85 113 146 146
208 200000 | 106 132 178 178
199 200000 | 93 138 167 167
200 200000 | 99 143 158 158
178 200000 | 86 124 146 146
187 200000 | 95 125 154 154
205 200000 | 108 138 164 164
185 200000 | 95 113 162 162
168 200000 | 90 105 141 141
171 200000 | 85 116 141 141
172 200000 | 90 113 141 141
196 200000 | 100 127 165 165
152 200000 | 82 105 117 117
172 200000 | 83 116 145 145
176 200000 | 87 122 143 143
191 200000 | 91 135 156 156
196 200000 | 97 139 156 156
185 200000 | 101 115 154 154
190 200000 | 105 122 153 153
174 200000 | 95 103 150 150
171 200000 | 86 116 140 140
174 200000 | 93 114 141 141
191 200000 | 100 130 152 152
154 200000 | 84 102 122 122
162 200000 | 90 95 139 139
175 200000 | 85 120 145 145
152 200000 | 75 106 123 123
185 200000 | 89 134 147 147
190 200000 | 107 123 150 150
193 200000 | 102 125 159 159
171 200000 | 89 118 135 135
182 200000 | 102 110 152 152
180 200000 | 95 121 144 144
179 200000 | 101 118 139 139
183 200000 | 82 126 158 158
185 200000 | 87 122 161 161
197 200000 | 89 138 167 167
168 200000 | 95 105 136 136
176 200000 | 84 119 149 149
186 200000 | 78 133 161 161
186 200000 | 97 123 152 152
169 200000 | 71 123 144 144
202 200000 | 99 133 172 172
139 200000 | 76 91 111 111
180 200000 | 82 129 149 149
171 200000 | 67 116 159 159
183 200000 | 83 135 148 148
174 200000 | 97 98 153 153
171 200000 | 98 107 137 137
175 200000 | 92 111 147 147
196 200000 | 106 121 165 165
165 200000 | 85 107 138 138
197 200000 | 95 133 166 166
191 200000 | 87 132 163 163
181 200000 | 86 124 152 152
169 200000 | 81 120 137 137
164 200000 | 82 114 132 132
166 200000 | 73 123 136 136
184 200000 | 98 112 158 158
174 200000 | 84 119 145 145
158 200000 | 70 115 131 131
166 200000 | 92 103 137 137
190 200000 | 99 127 154 154
179 200000 | 86 120 152 152
173 200000 | 92 115 139 139
186 200000 | 83 128 161 161
172 200000 | 91 115 138 138
184 200000 | 99 118 151 151
162 200000 | 82 105 137 137
177 200000 | 92 112 150 150
192 200000 | 96 121 167 167
190 200000 | 88 123 169 169
182 200000 | 98 118 148 148
198 200000 | 97 133 166 166
165 200000 | 84 117 129 129
181 200000 | 84 131 147 147
192 200000 | 106 131 147 147
190 200000 | 92 133 155 155
173 200000 | 95 104 147 147
184 200000 | 97 112 159 159
173 200000 | 84 119 143 143
177 200000 | 77 121 156 156
154 200000 | 73 105 130 130
182 200000 | 89 124 151 151
184 200000 | 96 121 151 151
186 200000 | 95 125 152 152
177 200000 | 85 124 145 145
179 200000 | 91 116 151 151
183 200000 | 100 119 147 147
171 200000 | 86 112 144 144
199 200000 | 104 130 164 164
199 200000 | 94 138 166 166
177 200000 | 95 117 142 142
193 200000 | 102 108 176 176
140 200000 | 74 93 113 113
171 200000 | 78 118 146 146
197 200000 | 94 140 160 160
172 200000 | 88 112 144 144
194 200000 | 100 129 159 159
176 200000 | 79 126 147 147
190 200000 | 98 129 153 153
188 200000 | 86 130 160 160
173 200000 | 87 116 143 143
192 200000 | 95 127 162 162
182 200000 | 87 119 158 158
166 200000 | 85 118 129 129
191 200000 | 91 134 157 157
167 200000 | 87 119 128 128
199 200000 | 96 136 166 166
197 200000 | 111 135 148 148
182 200000 | 105 116 143 143
168 200000 | 80 113 143 143
178 200000 | 87 124 145 145
192 200000 | 94 130 160 160
171 200000 | 88 113 141 141
166 200000 | 82 111 139 139
199 200000 | 97 131 170 170
190 200000 | 92 131 157 157
204 200000 | 110 130 168 168
185 200000 | 85 122 163 163
169 200000 | 91 107 140 140
180 200000 | 91 127 142 142
190 200000 | 77 132 171 171
186 200000 | 83 132 157 157
170 200000 | 74 122 144 144
156 200000 | 86 101 125 125
164 200000 | 70 113 145 145
181 200000 | 93 119 150 150
157 200000 | 83 101 130 130
187 200000 | 96 117 161 161
179 200000 | 90 121 147 147
167 200000 | 90 105 139 139
160 200000 | 77 102 141 141
172 200000 | 88 115 141 141
184 200000 | 103 111 154 154
181 200000 | 86 118 158 158
180 200000 | 83 122 155 155
177 200000 | 84 118 152 152
140 200000 | 70 96 114 114
183 200000 | 94 117 155 155
186 200000 | 91 122 159 159
202 200000 | 115 130 159 159
181 200000 | 86 136 140 140
179 200000 | 78 127 153 153
192 200000 | 85 137 162 162
177 200000 | 80 126 148 148
187 200000 | 85 139 150 150
203 200000 | 94 134 178 178
179 200000 | 93 120 145 145
188 200000 | 92 130 154 154
174 200000 | 94 111 143 143
201 200000 | 103 135 164 164
176 200000 | 105 107 140 140
198 200000 | 104 135 157 157
181 200000 | 109 97 156 156
138 200000 | 61 98 117 117
178 200000 | 86 114 156 156
198 200000 | 94 141 161 161
174 200000 | 80 117 151 151
173 200000 | 91 106 149 149
177 200000 | 88 122 144 144
151 200000 | 80 98 124 124
176 200000 | 76 128 148 148
177 200000 | 84 117 153 153
195 200000 | 105 119 166 166
177 200000 | 90 115 149 149
