15 148769 | 15 4 11 11
22 148769 | 22 1 21 21
9 148769 | 9 1 8 8
16 148769 | 15 3 14 14
8 148769 | 8 0 8 8
27 200000 | 27 2 25 25
24 200000 | 23 5 20 20
27 200000 | 27 5 22 22
27 200000 | 27 4 23 23
23 200000 | 23 5 18 18
29 200000 | 29 3 26 26
17 200000 | 17 4 13 13
24 200000 | 23 3 22 22
27 200000 | 27 6 21 21
36 200000 | 35 10 27 27
21 200000 | 21 3 18 18
19 200000 | 19 4 15 15
23 200000 | 23 5 18 18
18 200000 | 18 6 12 12
24 200000 | 24 4 20 20
21 200000 | 20 6 16 16
20 200000 | 19 7 14 14
22 200000 | 22 4 18 18
18 200000 | 18 2 16 16
21 200000 | 20 3 19 19
28 200000 | 28 5 23 23
18 200000 | 18 3 15 15
15 200000 | 15 1 14 14
24 200000 | 24 4 20 20
18 200000 | 18 4 14 14
28 200000 | 28 6 22 22
19 200000 | 18 6 14 14
25 200000 | 25 3 22 22
22 200000 | 22 3 19 19
35 200000 | 35 8 27 27
14 200000 | 14 3 11 11
23 200000 | 23 2 21 21
20 200000 | 20 2 18 18
21 200000 | 19 3 20 20
21 200000 | 20 5 17 17
18 200000 | 18 5 13 13
28 200000 | 28 7 21 21
31 200000 | 31 4 27 27
14 200000 | 13 3 12 12
25 200000 | 24 7 19 19
21 200000 | 20 3 19 19
23 200000 | 22 7 17 17
23 200000 | 23 4 19 19
21 200000 | 20 4 18 18
34 200000 | 34 5 29 29
26 200000 | 24 5 23 23
21 200000 | 20 5 17 17
26 200000 | 25 4 23 23
26 200000 | 26 1 25 25
29 200000 | 29 4 25 25
30 200000 | 29 6 25 25
27 200000 | 27 2 25 25
25 200000 | 25 8 17 17
22 200000 | 22 2 20 20
