256 200000 | 192 201 119 119
233 200000 | 173 171 122 122
256 200000 | 194 193 125 125
266 200000 | 203 197 132 132
277 200000 | 220 206 128 128
245 200000 | 171 191 128 128
259 200000 | 193 188 137 137
223 200000 | 185 168 93 93
240 200000 | 187 188 105 105
244 200000 | 183 177 128 128
225 200000 | 172 172 106 106
233 200000 | 169 174 123 123
279 200000 | 204 197 157 157
269 200000 | 201 195 142 142
252 200000 | 187 178 139 139
237 200000 | 176 187 111 111
248 200000 | 183 185 128 128
281 200000 | 216 198 148 148
266 200000 | 199 202 131 131
286 200000 | 214 199 159 159
268 200000 | 212 212 112 112
267 200000 | 199 202 133 133
297 200000 | 219 223 152 152
251 200000 | 179 186 137 137
271 200000 | 201 200 141 141
264 200000 | 186 193 149 149
235 200000 | 169 175 126 126
275 200000 | 204 198 148 148
264 200000 | 204 194 130 130
252 200000 | 185 192 127 127
246 200000 | 194 179 119 119
261 200000 | 203 201 118 118
249 200000 | 196 190 112 112
264 200000 | 215 185 128 128
228 200000 | 165 177 114 114
245 200000 | 174 178 138 138
267 200000 | 206 200 128 128
249 200000 | 188 187 123 123
224 200000 | 168 168 112 112
268 200000 | 196 214 126 126
258 200000 | 197 190 129 129
260 200000 | 205 195 120 120
266 200000 | 197 198 137 137
265 200000 | 200 204 126 126
256 200000 | 189 204 119 119
255 200000 | 201 184 125 125
228 200000 | 182 173 101 101
260 200000 | 195 185 140 140
266 200000 | 200 197 135 135
283 200000 | 226 215 125 125
271 200000 | 204 204 134 134
259 200000 | 203 196 119 119
218 200000 | 148 171 117 117
268 200000 | 200 200 136 136
263 200000 | 197 206 123 123
284 200000 | 216 215 137 137
281 200000 | 207 210 145 145
266 200000 | 205 200 127 127
289 200000 | 218 215 145 145
246 200000 | 183 183 126 126
252 200000 | 187 180 137 137
274 200000 | 212 217 119 119
270 200000 | 196 204 140 140
244 200000 | 186 183 119 119
262 200000 | 195 190 139 139
250 200000 | 190 189 121 121
241 200000 | 184 178 120 120
244 200000 | 182 186 120 120
248 200000 | 199 182 115 115
252 200000 | 191 179 134 134
242 200000 | 183 178 123 123
242 200000 | 181 183 120 120
268 200000 | 202 202 132 132
263 200000 | 199 190 137 137
235 200000 | 182 180 108 108
251 200000 | 172 195 135 135
239 200000 | 174 182 122 122
250 200000 | 201 190 109 109
256 200000 | 185 185 142 142
266 200000 | 197 202 133 133
259 200000 | 177 187 154 154
240 200000 | 176 167 137 137
231 200000 | 169 176 117 117
233 200000 | 157 177 132 132
245 200000 | 167 177 146 146
247 200000 | 191 188 115 115
270 200000 | 195 208 137 137
266 200000 | 200 201 131 131
267 200000 | 199 191 144 144
238 200000 | 189 184 103 103
268 200000 | 191 205 140 140
247 200000 | 188 178 128 128
240 200000 | 177 181 122 122
288 200000 | 217 223 136 136
264 200000 | 194 197 137 137
242 200000 | 193 168 123 123
250 200000 | 172 194 134 134
242 200000 | 180 180 124 124
249 200000 | 172 190 136 136
259 200000 | 200 193 125 125
250 200000 | 187 191 122 122
251 200000 | 191 187 124 124
259 200000 | 195 203 120 120
243 200000 | 180 191 115 115
250 200000 | 195 200 105 105
264 200000 | 194 203 131 131
235 200000 | 171 180 119 119
242 200000 | 179 188 117 117
252 200000 | 181 193 130 130
276 200000 | 213 198 141 141
255 200000 | 186 194 130 130
234 200000 | 175 190 103 103
239 200000 | 183 161 134 134
255 200000 | 196 191 123 123
251 200000 | 193 195 114 114
255 200000 | 174 203 133 133
250 200000 | 179 193 128 128
269 200000 | 208 193 137 137
268 200000 | 201 187 148 148
260 200000 | 204 192 124 124
253 200000 | 190 191 125 125
228 200000 | 171 170 115 115
264 200000 | 197 203 128 128
254 200000 | 197 174 137 137
255 200000 | 198 188 124 124
268 200000 | 184 205 147 147
273 200000 | 203 200 143 143
283 200000 | 224 200 142 142
257 200000 | 181 191 142 142
245 200000 | 180 174 136 136
277 200000 | 212 220 122 122
251 200000 | 201 183 118 118
284 200000 | 192 208 168 168
265 200000 | 195 207 128 128
267 200000 | 202 203 129 129
269 200000 | 212 196 130 130
270 200000 | 214 195 131 131
245 200000 | 191 174 125 125
237 200000 | 169 185 120 120
256 200000 | 183 195 134 134
261 200000 | 205 191 126 126
244 200000 | 181 175 132 132
267 200000 | 195 202 137 137
269 200000 | 195 215 128 128
270 200000 | 192 211 137 137
262 200000 | 193 189 142 142
271 200000 | 210 208 124 124
257 200000 | 201 189 124 124
242 200000 | 190 172 122 122
249 200000 | 182 190 126 126
249 200000 | 188 194 116 116
234 200000 | 175 179 114 114
287 200000 | 204 214 156 156
276 200000 | 207 195 150 150
255 200000 | 179 193 138 138
249 200000 | 188 182 128 128
259 200000 | 185 201 132 132
262 200000 | 197 186 141 141
268 200000 | 201 208 127 127
252 200000 | 187 190 127 127
246 200000 | 188 188 116 116
241 200000 | 177 181 124 124
259 200000 | 198 191 129 129
232 200000 | 164 175 125 125
267 200000 | 202 208 124 124
233 200000 | 169 174 123 123
259 200000 | 193 187 138 138
245 200000 | 169 197 124 124
231 200000 | 160 170 132 132
265 200000 | 208 192 130 130
270 200000 | 198 211 131 131
234 200000 | 177 183 108 108
239 200000 | 184 189 105 105
257 200000 | 186 190 138 138
279 200000 | 211 198 149 149
268 200000 | 194 206 136 136
259 200000 | 176 205 137 137
288 200000 | 214 226 136 136
240 200000 | 175 173 132 132
265 200000 | 204 193 133 133
276 200000 | 220 201 131 131
259 200000 | 190 196 132 132
217 200000 | 168 169 97 97
270 200000 | 201 199 140 140
236 200000 | 169 175 128 128
250 200000 | 186 190 124 124
231 200000 | 161 176 125 125
244 200000 | 181 178 129 129
266 200000 | 192 204 136 136
266 200000 | 214 198 120 120
253 200000 | 190 193 123 123
268 200000 | 196 190 150 150
247 200000 | 177 183 134 134
273 200000 | 196 203 147 147
254 200000 | 194 192 122 122
258 200000 | 178 200 138 138
