824 200000 | 807 808 33 33
838 200000 | 822 830 24 24
773 200000 | 750 763 33 33
786 200000 | 766 782 24 24
778 200000 | 753 773 30 30
785 200000 | 763 772 35 35
793 200000 | 769 788 29 29
794 200000 | 771 787 30 30
804 200000 | 783 794 31 31
825 200000 | 809 812 29 29
859 200000 | 846 843 29 29
789 200000 | 764 777 37 37
868 200000 | 844 860 32 32
787 200000 | 758 774 42 42
822 200000 | 794 811 39 39
818 200000 | 790 812 34 34
816 200000 | 788 800 44 44
807 200000 | 782 798 34 34
831 200000 | 814 827 21 21
769 200000 | 752 759 27 27
779 200000 | 757 768 33 33
869 200000 | 850 865 23 23
800 200000 | 787 794 19 19
821 200000 | 805 815 22 22
825 200000 | 796 820 34 34
790 200000 | 772 781 27 27
821 200000 | 798 808 36 36
790 200000 | 757 784 39 39
787 200000 | 767 775 32 32
828 200000 | 800 817 39 39
817 200000 | 794 811 29 29
808 200000 | 787 800 29 29
803 200000 | 785 792 29 29
786 200000 | 759 777 36 36
838 200000 | 815 831 30 30
789 200000 | 765 775 38 38
854 200000 | 825 849 34 34
796 200000 | 772 785 35 35
800 200000 | 782 794 24 24
827 200000 | 796 817 41 41
799 200000 | 777 789 32 32
788 200000 | 770 782 24 24
837 200000 | 817 830 27 27
760 200000 | 739 754 27 27
817 200000 | 795 808 31 31
770 200000 | 746 760 34 34
814 200000 | 796 810 22 22
814 200000 | 798 809 21 21
792 200000 | 774 779 31 31
800 200000 | 774 795 31 31
819 200000 | 796 810 32 32
813 200000 | 787 804 35 35
823 200000 | 796 818 32 32
789 200000 | 764 782 32 32
758 200000 | 746 752 18 18
795 200000 | 781 785 24 24
854 200000 | 835 845 28 28
812 200000 | 799 807 18 18
831 200000 | 816 824 22 22
779 200000 | 754 773 31 31
794 200000 | 780 784 24 24
836 200000 | 820 825 27 27
