57 200000 | 55 44 15 15
36 200000 | 36 32 4 4
45 200000 | 44 34 12 12
42 200000 | 40 25 19 19
47 200000 | 46 35 13 13
39 200000 | 39 30 9 9
41 200000 | 41 31 10 10
47 200000 | 46 34 14 14
43 200000 | 41 38 7 7
41 200000 | 41 37 4 4
44 200000 | 43 33 12 12
32 200000 | 27 29 8 8
49 200000 | 44 38 16 16
46 200000 | 45 39 8 8
40 200000 | 36 34 10 10
46 200000 | 44 39 9 9
42 200000 | 42 32 10 10
50 200000 | 46 36 18 18
44 200000 | 43 33 12 12
36 200000 | 36 25 11 11
48 200000 | 46 35 15 15
48 200000 | 47 38 11 11
40 200000 | 37 30 13 13
40 200000 | 40 33 7 7
56 200000 | 55 49 8 8
35 200000 | 34 28 8 8
58 200000 | 56 45 15 15
53 200000 | 51 43 12 12
42 200000 | 42 35 7 7
42 200000 | 40 38 6 6
42 200000 | 41 31 12 12
46 200000 | 45 38 9 9
25 200000 | 23 20 7 7
49 200000 | 46 43 9 9
51 200000 | 51 41 10 10
44 200000 | 43 33 12 12
52 200000 | 48 43 13 13
51 200000 | 48 37 17 17
46 200000 | 45 38 9 9
41 200000 | 41 33 8 8
59 200000 | 57 51 10 10
39 200000 | 37 30 11 11
38 200000 | 37 29 10 10
41 200000 | 41 36 5 5
44 200000 | 43 37 8 8
42 200000 | 42 35 7 7
60 200000 | 58 42 20 20
50 200000 | 48 39 13 13
47 200000 | 45 34 15 15
46 200000 | 45 38 9 9
35 200000 | 34 32 4 4
38 200000 | 38 30 8 8
60 200000 | 56 46 18 18
47 200000 | 47 38 9 9
49 200000 | 46 44 8 8
46 200000 | 44 41 7 7
40 200000 | 38 34 8 8
52 200000 | 51 36 17 17
36 200000 | 35 28 9 9
50 200000 | 49 41 10 10
53 200000 | 52 43 11 11
37 200000 | 37 29 8 8
44 200000 | 38 38 12 12
47 200000 | 47 41 6 6
45 200000 | 45 36 9 9
40 200000 | 36 28 16 16
49 200000 | 48 43 7 7
43 200000 | 42 31 13 13
44 200000 | 44 37 7 7
49 200000 | 48 42 8 8
38 200000 | 37 33 6 6
42 200000 | 40 31 13 13
46 200000 | 45 39 8 8
54 200000 | 53 45 10 10
47 200000 | 42 38 14 14
53 200000 | 51 42 13 13
46 200000 | 45 40 7 7
41 200000 | 40 30 12 12
48 200000 | 45 35 16 16
53 200000 | 51 43 12 12
41 200000 | 41 27 14 14
44 200000 | 44 40 4 4
51 200000 | 49 45 8 8
39 200000 | 39 34 5 5
43 200000 | 41 34 11 11
42 200000 | 40 36 8 8
41 200000 | 38 34 10 10
37 200000 | 36 26 12 12
43 200000 | 41 33 12 12
45 200000 | 45 37 8 8
37 200000 | 35 30 9 9
35 200000 | 34 21 15 15
38 200000 | 36 27 13 13
47 200000 | 45 37 12 12
42 200000 | 42 35 7 7
42 200000 | 38 30 16 16
50 200000 | 49 39 12 12
45 200000 | 42 38 10 10
47 200000 | 45 37 12 12
48 200000 | 46 36 14 14
48 200000 | 46 39 11 11
47 200000 | 45 38 11 11
0 8680 | 0 0 0 0
66 300000 | 63 51 18 18
3 8680 | 2 2 2 2
0 8680 | 0 0 0 0
2 8680 | 2 2 0 0
1 8680 | 1 1 0 0
66 300000 | 64 53 15 15
70 300000 | 64 55 21 21
0 8680 | 0 0 0 0
1 8680 | 1 1 0 0
1 8680 | 1 1 0 0
64 300000 | 64 55 9 9
2 8680 | 2 2 0 0
1 8680 | 1 1 0 0
81 300000 | 77 58 27 27
4 8680 | 4 4 0 0
3 8680 | 3 2 1 1
4 8680 | 4 3 1 1
4 8680 | 4 2 2 2
3 8680 | 3 3 0 0
2 8680 | 2 2 0 0
3 8680 | 3 3 0 0
4 8680 | 4 3 1 1
0 8680 | 0 0 0 0
1 8680 | 1 1 0 0
2 8680 | 2 2 0 0
0 8680 | 0 0 0 0
2 8680 | 2 2 0 0
58 300000 | 56 45 15 15
4 8680 | 4 3 1 1
78 300000 | 74 61 21 21
60 300000 | 58 48 14 14
64 300000 | 64 48 16 16
67 300000 | 65 49 20 20
77 300000 | 74 63 17 17
82 300000 | 80 65 19 19
