8 200000 | 8 5 3 3
9 200000 | 9 9 0 0
7 200000 | 7 6 1 1
6 200000 | 6 4 2 2
10 200000 | 10 9 1 1
10 200000 | 9 8 3 3
6 200000 | 6 5 1 1
13 200000 | 13 12 1 1
4 200000 | 4 4 0 0
11 200000 | 11 7 4 4
8 200000 | 7 6 3 3
11 200000 | 11 7 4 4
9 200000 | 8 6 4 4
5 200000 | 5 3 2 2
10 200000 | 9 8 3 3
10 200000 | 10 10 0 0
8 200000 | 8 7 1 1
4 200000 | 4 4 0 0
3 200000 | 3 2 1 1
3 200000 | 3 3 0 0
11 200000 | 10 9 3 3
8 200000 | 8 8 0 0
4 200000 | 4 4 0 0
6 200000 | 5 6 1 1
6 200000 | 6 6 0 0
9 200000 | 9 9 0 0
8 200000 | 8 7 1 1
4 200000 | 4 3 1 1
6 200000 | 5 5 2 2
8 200000 | 8 6 2 2
12 200000 | 12 11 1 1
9 200000 | 9 7 2 2
6 200000 | 6 5 1 1
3 200000 | 3 2 1 1
4 200000 | 4 3 1 1
6 200000 | 6 5 1 1
9 200000 | 9 9 0 0
7 200000 | 6 6 2 2
5 200000 | 5 5 0 0
7 200000 | 7 5 2 2
5 200000 | 4 4 2 2
8 200000 | 8 7 1 1
5 200000 | 5 4 1 1
9 200000 | 9 6 3 3
4 200000 | 4 4 0 0
7 200000 | 7 6 1 1
4 200000 | 4 3 1 1
4 200000 | 4 3 1 1
8 200000 | 7 5 4 4
9 200000 | 9 7 2 2
7 200000 | 7 6 1 1
9 200000 | 9 9 0 0
4 200000 | 4 3 1 1
6 200000 | 6 6 0 0
10 200000 | 10 8 2 2
6 200000 | 6 5 1 1
3 200000 | 3 3 0 0
6 200000 | 6 6 0 0
7 200000 | 7 5 2 2
9 200000 | 9 8 1 1
6 200000 | 6 4 2 2
4 200000 | 3 3 2 2
11 200000 | 11 9 2 2
8 200000 | 8 8 0 0
5 200000 | 5 2 3 3
5 200000 | 5 4 1 1
8 200000 | 8 6 2 2
7 200000 | 7 7 0 0
11 200000 | 10 11 1 1
3 200000 | 3 2 1 1
8 200000 | 8 7 1 1
7 200000 | 6 5 3 3
5 200000 | 5 4 1 1
6 200000 | 5 6 1 1
14 200000 | 14 11 3 3
7 200000 | 7 7 0 0
5 200000 | 4 5 1 1
6 200000 | 6 6 0 0
16 200000 | 14 16 2 2
7 200000 | 7 6 1 1
4 200000 | 4 3 1 1
11 200000 | 11 8 3 3
10 200000 | 9 10 1 1
9 200000 | 9 6 3 3
8 200000 | 7 8 1 1
6 200000 | 6 4 2 2
4 200000 | 4 2 2 2
9 200000 | 9 9 0 0
5 200000 | 4 5 1 1
9 200000 | 9 5 4 4
5 200000 | 5 4 1 1
5 200000 | 5 4 1 1
10 200000 | 10 6 4 4
6 200000 | 5 5 2 2
8 200000 | 8 7 1 1
6 200000 | 6 3 3 3
10 200000 | 10 7 3 3
15 200000 | 15 13 2 2
5 200000 | 5 5 0 0
10 200000 | 9 10 1 1
12 200000 | 12 10 2 2
5 200000 | 5 5 0 0
6 200000 | 6 5 1 1
9 200000 | 9 7 2 2
6 200000 | 6 6 0 0
7 200000 | 7 4 3 3
7 200000 | 6 7 1 1
14 300000 | 14 10 4 4
13 300000 | 11 10 5 5
14 300000 | 14 13 1 1
6 300000 | 6 4 2 2
14 300000 | 14 14 0 0
15 300000 | 15 12 3 3
11 300000 | 11 10 1 1
10 300000 | 9 6 5 5
11 300000 | 10 11 1 1
4 300000 | 4 3 1 1
9 300000 | 8 7 3 3
8 300000 | 8 4 4 4
16 300000 | 15 14 3 3
11 300000 | 11 8 3 3
10 300000 | 9 8 3 3
17 300000 | 17 12 5 5
17 300000 | 17 13 4 4
15 300000 | 15 9 6 6
10 300000 | 9 9 2 2
17 300000 | 17 13 4 4
9 300000 | 8 8 2 2
13 300000 | 13 11 2 2
12 300000 | 12 9 3 3
7 300000 | 7 7 0 0
12 300000 | 12 10 2 2
9 300000 | 9 9 0 0
11 300000 | 11 10 1 1
5 300000 | 4 5 1 1
9 300000 | 8 8 2 2
10 300000 | 10 8 2 2
9 300000 | 9 8 1 1
11 300000 | 10 7 5 5
12 300000 | 11 9 4 4
12 300000 | 11 11 2 2
10 300000 | 10 8 2 2
7 300000 | 7 7 0 0
17 300000 | 16 15 3 3
8 300000 | 8 7 1 1
12 300000 | 12 11 1 1
14 300000 | 12 10 6 6
6 300000 | 6 6 0 0
12 300000 | 12 11 1 1
11 300000 | 11 7 4 4
5 300000 | 5 4 1 1
15 300000 | 15 10 5 5
5 300000 | 5 5 0 0
14 300000 | 14 14 0 0
10 300000 | 8 7 5 5
12 300000 | 12 10 2 2
9 300000 | 8 9 1 1
7 300000 | 7 4 3 3
12 300000 | 12 7 5 5
13 300000 | 12 11 3 3
8 300000 | 8 5 3 3
9 300000 | 8 7 3 3
11 300000 | 11 11 0 0
9 300000 | 9 8 1 1
10 300000 | 10 8 2 2
14 300000 | 14 12 2 2
8 300000 | 7 7 2 2
12 300000 | 12 10 2 2
11 300000 | 11 9 2 2
10 300000 | 10 9 1 1
9 300000 | 9 9 0 0
12 300000 | 10 10 4 4
13 300000 | 12 9 5 5
18 300000 | 17 14 5 5
12 300000 | 12 9 3 3
17 300000 | 17 16 1 1
18 300000 | 18 16 2 2
16 300000 | 16 12 4 4
11 300000 | 11 9 2 2
9 300000 | 9 7 2 2
10 300000 | 9 8 3 3
9 300000 | 9 8 1 1
14 300000 | 14 11 3 3
9 300000 | 8 7 3 3
10 300000 | 10 9 1 1
12 300000 | 12 9 3 3
12 300000 | 11 11 2 2
7 300000 | 7 6 1 1
11 300000 | 11 8 3 3
14 300000 | 14 11 3 3
13 300000 | 13 10 3 3
13 300000 | 13 10 3 3
14 300000 | 14 12 2 2
7 300000 | 7 5 2 2
10 300000 | 10 9 1 1
17 300000 | 17 14 3 3
8 300000 | 8 7 1 1
11 300000 | 11 9 2 2
12 300000 | 9 12 3 3
13 300000 | 13 10 3 3
12 300000 | 11 10 3 3
14 300000 | 14 9 5 5
15 300000 | 15 11 4 4
7 300000 | 7 5 2 2
17 300000 | 17 13 4 4
10 300000 | 10 8 2 2
9 300000 | 8 9 1 1
11 300000 | 11 6 5 5
10 300000 | 10 8 2 2
12 300000 | 11 9 4 4
13 300000 | 12 8 6 6
13 300000 | 13 8 5 5
14 300000 | 14 11 3 3
13 300000 | 13 10 3 3
11 300000 | 10 9 3 3
10 300000 | 9 8 3 3
8 300000 | 8 8 0 0
12 300000 | 11 10 3 3
15 300000 | 15 13 2 2
11 300000 | 11 10 1 1
10 300000 | 10 6 4 4
6 300000 | 6 4 2 2
7 300000 | 7 3 4 4
14 300000 | 14 11 3 3
10 300000 | 10 8 2 2
8 300000 | 8 8 0 0
7 300000 | 6 5 3 3
10 300000 | 9 8 3 3
5 300000 | 5 4 1 1
6 300000 | 6 5 1 1
19 300000 | 19 13 6 6
15 300000 | 14 13 3 3
9 300000 | 9 7 2 2
13 300000 | 13 12 1 1
13 300000 | 13 11 2 2
12 300000 | 11 11 2 2
12 300000 | 12 8 4 4
11 300000 | 10 9 3 3
9 300000 | 9 8 1 1
16 300000 | 16 11 5 5
7 300000 | 7 6 1 1
8 300000 | 7 7 2 2
16 300000 | 16 15 1 1
9 300000 | 8 9 1 1
8 300000 | 8 4 4 4
13 300000 | 12 12 2 2
12 300000 | 12 11 1 1
11 300000 | 10 9 3 3
13 300000 | 13 11 2 2
13 300000 | 13 10 3 3
7 300000 | 7 7 0 0
15 300000 | 15 11 4 4
7 300000 | 7 7 0 0
12 300000 | 12 8 4 4
7 300000 | 7 6 1 1
11 300000 | 11 10 1 1
15 300000 | 14 11 5 5
11 300000 | 10 8 4 4
8 300000 | 8 8 0 0
10 300000 | 9 9 2 2
7 300000 | 7 6 1 1
7 300000 | 7 7 0 0
13 300000 | 12 12 2 2
9 300000 | 8 7 3 3
7 300000 | 7 5 2 2
10 300000 | 10 7 3 3
11 300000 | 11 10 1 1
13 300000 | 13 13 0 0
7 300000 | 7 7 0 0
15 300000 | 14 12 4 4
9 300000 | 8 8 2 2
16 300000 | 16 14 2 2
10 300000 | 10 7 3 3
13 300000 | 13 10 3 3
12 300000 | 12 12 0 0
9 300000 | 9 6 3 3
14 300000 | 14 9 5 5
10 300000 | 10 7 3 3
5 300000 | 5 4 1 1
10 300000 | 10 4 6 6
12 300000 | 12 11 1 1
11 300000 | 10 5 7 7
8 300000 | 8 5 3 3
8 300000 | 8 6 2 2
7 300000 | 7 7 0 0
7 300000 | 7 4 3 3
9 300000 | 8 9 1 1
18 300000 | 17 14 5 5
11 300000 | 10 10 2 2
9 300000 | 9 5 4 4
8 300000 | 7 4 5 5
10 300000 | 10 8 2 2
14 300000 | 14 12 2 2
12 300000 | 12 11 1 1
13 300000 | 13 13 0 0
8 300000 | 8 6 2 2
11 300000 | 11 8 3 3
8 300000 | 8 7 1 1
8 300000 | 8 7 1 1
10 300000 | 10 8 2 2
12 300000 | 11 12 1 1
16 300000 | 16 11 5 5
7 300000 | 7 5 2 2
6 300000 | 6 6 0 0
14 300000 | 14 12 2 2
12 300000 | 12 9 3 3
10 300000 | 10 7 3 3
8 300000 | 7 5 4 4
15 300000 | 15 11 4 4
12 300000 | 12 10 2 2
13 300000 | 13 10 3 3
8 300000 | 7 6 3 3
15 300000 | 15 13 2 2
17 300000 | 17 13 4 4
6 300000 | 6 6 0 0
12 300000 | 12 11 1 1
18 300000 | 18 16 2 2
4 300000 | 4 3 1 1
8 300000 | 8 8 0 0
6 300000 | 6 4 2 2
10 300000 | 10 9 1 1
7 300000 | 7 5 2 2
16 300000 | 16 10 6 6
10 300000 | 10 6 4 4
15 300000 | 14 11 5 5
9 300000 | 8 9 1 1
12 300000 | 11 9 4 4
10 300000 | 10 8 2 2
12 300000 | 12 8 4 4
10 300000 | 10 6 4 4
8 300000 | 8 7 1 1
10 300000 | 9 7 4 4
12 300000 | 12 10 2 2
11 300000 | 11 9 2 2
11 300000 | 11 9 2 2
10 300000 | 10 10 0 0
14 300000 | 14 13 1 1
13 300000 | 13 9 4 4
12 300000 | 12 10 2 2
8 300000 | 8 6 2 2
8 300000 | 8 6 2 2
19 300000 | 19 16 3 3
9 300000 | 8 8 2 2
12 300000 | 12 6 6 6
11 300000 | 11 8 3 3
7 300000 | 7 5 2 2
14 300000 | 13 12 3 3
13 300000 | 13 7 6 6
5 300000 | 5 3 2 2
14 300000 | 14 12 2 2
9 300000 | 9 6 3 3
16 300000 | 15 14 3 3
8 300000 | 8 7 1 1
9 300000 | 9 7 2 2
11 300000 | 11 7 4 4
13 300000 | 13 12 1 1
9 300000 | 8 9 1 1
9 300000 | 7 6 5 5
13 300000 | 13 12 1 1
6 300000 | 6 4 2 2
14 300000 | 14 10 4 4
11 300000 | 10 9 3 3
8 300000 | 7 5 4 4
13 300000 | 13 13 0 0
11 300000 | 11 9 2 2
21 300000 | 21 15 6 6
5 300000 | 5 4 1 1
9 300000 | 8 7 3 3
12 300000 | 12 10 2 2
12 300000 | 12 11 1 1
13 300000 | 13 12 1 1
15 300000 | 13 13 4 4
6 300000 | 6 5 1 1
13 300000 | 13 9 4 4
10 300000 | 10 7 3 3
12 300000 | 12 9 3 3
9 300000 | 9 7 2 2
16 300000 | 16 13 3 3
10 300000 | 8 10 2 2
7 300000 | 7 6 1 1
14 300000 | 14 11 3 3
13 300000 | 12 11 3 3
10 300000 | 9 10 1 1
9 300000 | 9 8 1 1
14 300000 | 12 12 4 4
9 300000 | 8 7 3 3
10 300000 | 10 7 3 3
9 300000 | 9 7 2 2
13 300000 | 12 11 3 3
19 300000 | 19 17 2 2
13 300000 | 13 13 0 0
13 300000 | 13 12 1 1
12 300000 | 12 7 5 5
15 300000 | 15 13 2 2
9 300000 | 9 9 0 0
9 300000 | 9 8 1 1
14 300000 | 14 10 4 4
9 300000 | 9 7 2 2
8 300000 | 8 7 1 1
11 300000 | 10 9 3 3
10 300000 | 10 5 5 5
6 300000 | 6 6 0 0
13 300000 | 13 9 4 4
12 300000 | 10 8 6 6
12 300000 | 12 10 2 2
11 300000 | 10 9 3 3
9 300000 | 8 7 3 3
6 300000 | 6 6 0 0
12 300000 | 12 10 2 2
7 300000 | 7 5 2 2
8 300000 | 8 8 0 0
4 300000 | 4 4 0 0
18 300000 | 18 16 2 2
7 300000 | 7 6 1 1
6 300000 | 6 4 2 2
16 300000 | 16 13 3 3
15 300000 | 15 13 2 2
3 300000 | 3 2 1 1
5 300000 | 5 4 1 1
9 300000 | 8 6 4 4
16 300000 | 16 14 2 2
9 300000 | 9 8 1 1
14 300000 | 14 9 5 5
8 300000 | 7 6 3 3
16 300000 | 15 13 4 4
12 300000 | 12 12 0 0
12 300000 | 12 11 1 1
11 300000 | 11 9 2 2
17 300000 | 17 15 2 2
10 300000 | 9 9 2 2
12 300000 | 11 10 3 3
7 300000 | 7 7 0 0
14 300000 | 14 13 1 1
15 300000 | 15 13 2 2
7 300000 | 7 4 3 3
9 300000 | 9 6 3 3
13 300000 | 11 10 5 5
4 300000 | 4 4 0 0
10 300000 | 10 6 4 4
6 300000 | 6 4 2 2
9 300000 | 8 6 4 4
7 300000 | 7 6 1 1
5 300000 | 5 5 0 0
11 300000 | 10 8 4 4
16 300000 | 16 14 2 2
12 300000 | 11 11 2 2
19 300000 | 19 16 3 3
12 300000 | 12 9 3 3
7 300000 | 7 7 0 0
6 300000 | 6 5 1 1
7 300000 | 7 7 0 0
9 300000 | 9 5 4 4
9 300000 | 9 5 4 4
8 300000 | 8 7 1 1
10 300000 | 10 8 2 2
15 300000 | 14 13 3 3
13 300000 | 12 10 4 4
9 300000 | 9 8 1 1
12 300000 | 12 12 0 0
9 300000 | 9 7 2 2
11 300000 | 11 6 5 5
10 300000 | 10 8 2 2
10 300000 | 10 10 0 0
5 300000 | 4 5 1 1
19 300000 | 18 13 7 7
15 300000 | 15 9 6 6
8 300000 | 7 7 2 2
10 300000 | 10 9 1 1
6 300000 | 6 6 0 0
11 300000 | 11 9 2 2
5 300000 | 5 5 0 0
10 300000 | 9 7 4 4
15 300000 | 15 10 5 5
13 300000 | 13 13 0 0
7 300000 | 7 5 2 2
12 300000 | 12 10 2 2
13 300000 | 12 9 5 5
12 300000 | 10 10 4 4
11 300000 | 11 10 1 1
8 300000 | 8 6 2 2
8 300000 | 8 8 0 0
11 300000 | 11 6 5 5
4 300000 | 4 3 1 1
11 300000 | 9 9 4 4
13 300000 | 12 11 3 3
11 300000 | 11 10 1 1
10 300000 | 10 8 2 2
8 300000 | 8 6 2 2
17 300000 | 16 11 7 7
7 300000 | 6 5 3 3
9 300000 | 8 8 2 2
11 300000 | 11 8 3 3
15 300000 | 14 12 4 4
14 300000 | 13 12 3 3
12 300000 | 12 10 2 2
8 300000 | 8 7 1 1
14 300000 | 13 12 3 3
8 300000 | 8 7 1 1
10 300000 | 9 10 1 1
9 300000 | 9 8 1 1
9 300000 | 8 8 2 2
5 300000 | 5 3 2 2
13 300000 | 13 10 3 3
