163 200000 | 55 163 108 108
186 200000 | 70 186 116 116
181 200000 | 58 181 123 123
155 200000 | 53 155 102 102
192 200000 | 75 192 117 117
172 200000 | 67 171 106 106
193 200000 | 64 191 131 131
186 200000 | 63 184 125 125
202 200000 | 67 200 137 137
173 200000 | 57 172 117 117
195 200000 | 61 195 134 134
172 200000 | 53 172 119 119
186 200000 | 62 185 125 125
177 200000 | 62 177 115 115
186 200000 | 55 185 132 132
188 200000 | 57 188 131 131
166 200000 | 52 165 115 115
201 200000 | 65 201 136 136
197 200000 | 76 196 122 122
192 200000 | 62 191 131 131
189 200000 | 68 189 121 121
160 200000 | 59 158 103 103
194 200000 | 71 194 123 123
174 200000 | 56 174 118 118
187 200000 | 56 187 131 131
179 200000 | 62 179 117 117
198 200000 | 67 196 133 133
157 200000 | 45 157 112 112
200 200000 | 69 199 132 132
177 200000 | 59 176 119 119
174 200000 | 65 174 109 109
190 200000 | 68 188 124 124
181 200000 | 60 181 121 121
188 200000 | 60 187 129 129
171 200000 | 46 171 125 125
165 200000 | 61 165 104 104
174 200000 | 65 173 110 110
188 200000 | 62 187 127 127
173 200000 | 60 173 113 113
206 200000 | 72 206 134 134
175 200000 | 55 175 120 120
201 200000 | 64 200 138 138
159 200000 | 62 159 97 97
173 200000 | 50 172 124 124
194 200000 | 78 192 118 118
185 200000 | 60 185 125 125
195 200000 | 64 195 131 131
173 200000 | 42 173 131 131
163 200000 | 59 163 104 104
180 200000 | 51 180 129 129
148 200000 | 53 147 96 96
171 200000 | 61 171 110 110
193 200000 | 70 193 123 123
190 200000 | 55 189 136 136
177 200000 | 59 177 118 118
200 200000 | 73 200 127 127
174 200000 | 62 173 113 113
167 200000 | 66 166 102 102
163 200000 | 55 162 109 109
194 200000 | 69 193 126 126
165 200000 | 53 165 112 112
205 200000 | 68 205 137 137
171 200000 | 52 171 119 119
191 200000 | 57 190 135 135
169 200000 | 53 168 117 117
166 200000 | 59 165 108 108
185 200000 | 69 185 116 116
175 200000 | 52 175 123 123
181 200000 | 70 181 111 111
157 200000 | 56 156 102 102
179 200000 | 65 179 114 114
174 200000 | 50 173 125 125
190 200000 | 77 189 114 114
162 200000 | 51 162 111 111
188 200000 | 69 188 119 119
187 200000 | 66 187 121 121
184 200000 | 58 184 126 126
166 200000 | 51 166 115 115
162 200000 | 54 161 109 109
182 200000 | 57 181 126 126
191 200000 | 69 191 122 122
172 200000 | 49 172 123 123
188 200000 | 60 188 128 128
179 200000 | 73 179 106 106
164 200000 | 52 164 112 112
173 200000 | 51 173 122 122
198 200000 | 65 196 135 135
205 200000 | 53 205 152 152
190 200000 | 69 190 121 121
182 200000 | 63 182 119 119
180 200000 | 74 180 106 106
178 200000 | 66 178 112 112
167 200000 | 44 166 124 124
192 200000 | 61 191 132 132
186 200000 | 77 186 109 109
172 200000 | 58 172 114 114
176 200000 | 55 176 121 121
169 200000 | 57 168 113 113
180 200000 | 71 180 109 109
220 200000 | 65 220 155 155
177 200000 | 55 177 122 122
174 200000 | 47 174 127 127
180 200000 | 54 180 126 126
179 200000 | 63 178 117 117
189 200000 | 54 189 135 135
164 200000 | 50 164 114 114
173 200000 | 65 171 110 110
178 200000 | 58 178 120 120
197 200000 | 65 197 132 132
175 200000 | 60 175 115 115
177 200000 | 50 176 128 128
187 200000 | 75 186 113 113
158 200000 | 61 158 97 97
160 200000 | 58 160 102 102
171 200000 | 60 171 111 111
160 200000 | 59 160 101 101
191 200000 | 66 191 125 125
217 200000 | 73 216 145 145
178 200000 | 43 178 135 135
180 200000 | 67 180 113 113
178 200000 | 70 176 110 110
174 200000 | 59 174 115 115
195 200000 | 67 195 128 128
162 200000 | 54 162 108 108
170 200000 | 59 169 112 112
160 200000 | 45 160 115 115
161 200000 | 45 160 117 117
198 200000 | 69 198 129 129
202 200000 | 72 202 130 130
178 200000 | 57 177 122 122
177 200000 | 59 177 118 118
168 200000 | 59 168 109 109
196 200000 | 62 196 134 134
165 200000 | 59 164 107 107
178 200000 | 62 177 117 117
193 200000 | 72 193 121 121
185 200000 | 71 185 114 114
193 200000 | 71 192 123 123
170 200000 | 52 170 118 118
174 200000 | 64 174 110 110
159 200000 | 54 159 105 105
180 200000 | 62 179 119 119
158 200000 | 59 156 101 101
164 200000 | 48 163 117 117
189 200000 | 68 189 121 121
161 200000 | 55 161 106 106
163 200000 | 49 163 114 114
177 200000 | 60 177 117 117
179 200000 | 57 179 122 122
189 200000 | 65 189 124 124
163 200000 | 43 162 121 121
184 200000 | 64 184 120 120
179 200000 | 49 179 130 130
167 200000 | 57 166 111 111
177 200000 | 63 176 115 115
181 200000 | 56 181 125 125
184 200000 | 70 184 114 114
158 200000 | 59 158 99 99
171 200000 | 56 170 116 116
167 200000 | 66 167 101 101
166 200000 | 69 166 97 97
190 200000 | 65 190 125 125
163 200000 | 52 163 111 111
182 200000 | 73 182 109 109
169 200000 | 50 169 119 119
176 200000 | 52 176 124 124
175 200000 | 67 175 108 108
170 200000 | 60 170 110 110
178 200000 | 56 178 122 122
177 200000 | 57 177 120 120
186 200000 | 66 185 121 121
177 200000 | 69 176 109 109
198 200000 | 69 198 129 129
197 200000 | 75 197 122 122
183 200000 | 64 183 119 119
181 200000 | 61 181 120 120
170 200000 | 56 170 114 114
167 200000 | 54 166 114 114
175 200000 | 57 175 118 118
197 200000 | 71 197 126 126
174 200000 | 61 173 114 114
173 200000 | 59 173 114 114
175 200000 | 62 175 113 113
184 200000 | 68 183 117 117
189 200000 | 53 189 136 136
172 200000 | 53 172 119 119
184 200000 | 56 183 129 129
179 200000 | 64 177 117 117
167 200000 | 48 167 119 119
162 200000 | 42 162 120 120
186 200000 | 59 185 128 128
204 200000 | 64 203 141 141
179 200000 | 55 179 124 124
169 200000 | 57 167 114 114
171 200000 | 55 171 116 116
177 200000 | 74 176 104 104
183 200000 | 55 182 129 129
202 200000 | 56 202 146 146
175 200000 | 52 175 123 123
187 200000 | 63 186 125 125
167 200000 | 59 167 108 108
174 200000 | 66 173 109 109
182 200000 | 69 182 113 113
169 200000 | 48 168 122 122
170 200000 | 62 169 109 109
156 200000 | 46 155 111 111
186 200000 | 57 186 129 129
160 200000 | 47 160 113 113
189 200000 | 69 189 120 120
210 200000 | 68 209 143 143
166 200000 | 54 166 112 112
162 200000 | 53 161 110 110
185 200000 | 63 184 123 123
200 200000 | 62 200 138 138
165 200000 | 50 165 115 115
158 200000 | 56 158 102 102
179 200000 | 66 179 113 113
154 200000 | 55 154 99 99
177 200000 | 57 177 120 120
191 200000 | 71 191 120 120
180 200000 | 67 180 113 113
176 200000 | 69 176 107 107
182 200000 | 44 182 138 138
181 200000 | 69 181 112 112
165 200000 | 52 165 113 113
174 200000 | 72 174 102 102
187 200000 | 77 187 110 110
215 200000 | 78 213 139 139
162 200000 | 48 162 114 114
179 200000 | 65 178 115 115
169 200000 | 59 169 110 110
194 200000 | 63 194 131 131
175 200000 | 59 175 116 116
168 200000 | 67 166 103 103
177 200000 | 67 175 112 112
197 200000 | 70 197 127 127
162 200000 | 67 162 95 95
193 200000 | 65 193 128 128
190 200000 | 53 189 138 138
183 200000 | 74 183 109 109
179 200000 | 73 178 107 107
158 200000 | 57 158 101 101
183 200000 | 47 181 138 138
178 200000 | 57 178 121 121
188 200000 | 73 188 115 115
146 200000 | 48 146 98 98
173 200000 | 67 173 106 106
187 200000 | 62 186 126 126
193 200000 | 65 193 128 128
185 200000 | 71 184 115 115
194 200000 | 66 194 128 128
166 200000 | 57 166 109 109
172 200000 | 42 172 130 130
203 200000 | 78 201 127 127
164 200000 | 54 163 111 111
170 200000 | 65 169 106 106
177 200000 | 59 177 118 118
174 200000 | 45 174 129 129
185 200000 | 54 185 131 131
166 200000 | 63 166 103 103
179 200000 | 59 179 120 120
181 200000 | 55 178 129 129
191 200000 | 72 189 121 121
200 200000 | 64 199 137 137
200 200000 | 54 199 147 147
187 200000 | 44 187 143 143
163 200000 | 62 163 101 101
170 200000 | 53 169 118 118
199 200000 | 81 199 118 118
154 200000 | 60 153 95 95
189 200000 | 63 188 127 127
173 200000 | 53 172 121 121
175 200000 | 47 174 129 129
196 200000 | 74 194 124 124
174 200000 | 57 174 117 117
197 200000 | 75 196 123 123
175 200000 | 50 173 127 127
169 200000 | 64 169 105 105
180 200000 | 55 180 125 125
169 200000 | 47 168 123 123
