2 200000 | 2 1 1 1
3 200000 | 3 2 1 1
3 200000 | 3 1 2 2
5 200000 | 5 4 1 1
2 200000 | 2 1 1 1
3 200000 | 3 2 1 1
3 200000 | 3 2 1 1
5 200000 | 5 0 5 5
6 200000 | 6 3 3 3
3 200000 | 3 2 1 1
2 200000 | 2 1 1 1
2 200000 | 2 1 1 1
2 200000 | 2 1 1 1
1 200000 | 1 1 0 0
3 300000 | 3 2 1 1
1 99100 | 1 1 0 0
4 99100 | 4 2 2 2
1 99100 | 1 0 1 1
5 300000 | 5 0 5 5
4 300000 | 4 1 3 3
2 99100 | 2 1 1 1
1 99100 | 1 0 1 1
2 99100 | 2 2 0 0
8 300000 | 8 6 2 2
3 300000 | 3 3 0 0
7 300000 | 7 4 3 3
3 99100 | 3 1 2 2
6 300000 | 6 4 2 2
9 300000 | 9 3 6 6
0 99100 | 0 0 0 0
7 300000 | 7 4 3 3
5 300000 | 4 4 2 2
2 99100 | 2 0 2 2
1 300000 | 1 0 1 1
3 300000 | 2 3 1 1
2 99100 | 2 1 1 1
3 300000 | 3 2 1 1
7 300000 | 7 6 1 1
7 300000 | 7 3 4 4
4 99100 | 4 4 0 0
1 300000 | 1 1 0 0
1 99100 | 1 1 0 0
6 300000 | 6 2 4 4
2 300000 | 2 1 1 1
1 99100 | 1 1 0 0
6 300000 | 5 3 4 4
4 300000 | 4 1 3 3
5 300000 | 5 3 2 2
2 99100 | 2 1 1 1
3 300000 | 3 1 2 2
1 99100 | 1 1 0 0
5 300000 | 5 3 2 2
4 300000 | 4 4 0 0
4 300000 | 4 2 2 2
1 99100 | 1 1 0 0
5 300000 | 5 4 1 1
7 300000 | 7 5 2 2
4 99100 | 3 3 2 2
9 300000 | 9 4 5 5
2 99100 | 2 1 1 1
3 300000 | 3 2 1 1
0 99100 | 0 0 0 0
6 300000 | 6 1 5 5
5 300000 | 5 1 4 4
3 300000 | 3 1 2 2
3 99100 | 3 2 1 1
4 300000 | 4 2 2 2
9 300000 | 9 5 4 4
2 99100 | 2 2 0 0
2 300000 | 2 2 0 0
3 300000 | 3 0 3 3
1 99100 | 1 1 0 0
8 300000 | 8 5 3 3
2 300000 | 2 2 0 0
4 300000 | 4 1 3 3
4 99100 | 4 3 1 1
4 300000 | 4 2 2 2
2 300000 | 2 2 0 0
3 99100 | 3 3 0 0
5 300000 | 5 3 2 2
0 99100 | 0 0 0 0
6 300000 | 6 2 4 4
7 300000 | 7 3 4 4
4 300000 | 4 1 3 3
4 99100 | 4 2 2 2
7 300000 | 7 4 3 3
2 300000 | 2 1 1 1
4 300000 | 4 1 3 3
1 99100 | 1 0 1 1
5 300000 | 5 5 0 0
1 99100 | 1 1 0 0
5 300000 | 5 3 2 2
2 300000 | 2 1 1 1
1 99100 | 1 1 0 0
8 300000 | 7 5 4 4
2 300000 | 2 1 1 1
3 300000 | 3 2 1 1
4 300000 | 4 2 2 2
2 99100 | 2 2 0 0
1 99100 | 1 1 0 0
11 300000 | 11 7 4 4
4 300000 | 4 3 1 1
2 300000 | 2 1 1 1
3 99100 | 3 2 1 1
3 300000 | 3 2 1 1
0 300000 | 0 0 0 0
8 300000 | 8 5 3 3
1 99100 | 1 1 0 0
2 300000 | 2 0 2 2
2 99100 | 1 1 2 2
4 300000 | 4 3 1 1
6 300000 | 6 4 2 2
3 99100 | 3 2 1 1
4 300000 | 4 3 1 1
7 300000 | 7 3 4 4
8 300000 | 8 3 5 5
5 99100 | 5 4 1 1
6 300000 | 6 3 3 3
2 300000 | 2 2 0 0
4 99100 | 4 1 3 3
3 300000 | 2 3 1 1
3 300000 | 3 2 1 1
1 99100 | 1 1 0 0
2 300000 | 2 1 1 1
1 99100 | 1 1 0 0
6 300000 | 6 4 2 2
6 300000 | 6 5 1 1
4 300000 | 4 2 2 2
3 99100 | 3 2 1 1
4 300000 | 4 2 2 2
3 300000 | 3 1 2 2
3 300000 | 3 1 2 2
2 99100 | 2 2 0 0
0 99100 | 0 0 0 0
6 300000 | 6 3 3 3
8 300000 | 8 5 3 3
7 300000 | 7 5 2 2
2 300000 | 2 1 1 1
0 99100 | 0 0 0 0
3 300000 | 2 2 2 2
5 300000 | 5 2 3 3
4 300000 | 4 3 1 1
2 99100 | 2 2 0 0
1 99100 | 1 1 0 0
4 300000 | 4 3 1 1
3 300000 | 3 2 1 1
5 300000 | 5 2 3 3
4 300000 | 4 2 2 2
1 99100 | 1 0 1 1
11 300000 | 11 6 5 5
6 300000 | 6 5 1 1
3 99100 | 3 3 0 0
5 300000 | 5 2 3 3
1 99100 | 1 0 1 1
3 300000 | 3 3 0 0
7 300000 | 7 4 3 3
1 99100 | 1 1 0 0
4 300000 | 4 3 1 1
8 300000 | 8 6 2 2
5 300000 | 5 4 1 1
0 99100 | 0 0 0 0
1 300000 | 1 1 0 0
0 300000 | 0 0 0 0
0 99100 | 0 0 0 0
3 300000 | 3 1 2 2
1 99100 | 1 1 0 0
5 300000 | 5 2 3 3
5 300000 | 5 3 2 2
5 300000 | 5 3 2 2
3 300000 | 3 1 2 2
0 99100 | 0 0 0 0
2 300000 | 2 1 1 1
2 300000 | 2 1 1 1
1 99100 | 1 1 0 0
2 99100 | 2 0 2 2
7 300000 | 7 6 1 1
5 300000 | 5 4 1 1
4 300000 | 4 1 3 3
0 99100 | 0 0 0 0
2 300000 | 2 1 1 1
1 300000 | 1 0 1 1
1 300000 | 1 0 1 1
5 300000 | 4 2 4 4
2 300000 | 2 2 0 0
2 300000 | 2 1 1 1
5 300000 | 5 4 1 1
6 300000 | 6 4 2 2
5 300000 | 5 4 1 1
4 300000 | 4 1 3 3
6 300000 | 6 3 3 3
