107 200000 | 57 69 88 88
119 200000 | 60 79 99 99
118 200000 | 69 74 93 93
108 200000 | 48 77 91 91
96 200000 | 57 58 77 77
103 200000 | 55 68 83 83
137 200000 | 76 82 116 116
124 200000 | 64 88 96 96
112 200000 | 58 79 87 87
124 200000 | 63 89 96 96
105 200000 | 46 72 92 92
122 200000 | 69 75 100 100
138 200000 | 68 87 121 121
124 200000 | 64 89 95 95
107 200000 | 53 77 84 84
132 200000 | 73 86 105 105
112 200000 | 58 68 98 98
100 200000 | 58 62 80 80
124 200000 | 67 83 98 98
119 200000 | 67 78 93 93
139 200000 | 80 88 110 110
140 200000 | 76 93 111 111
114 200000 | 54 84 90 90
117 200000 | 61 73 100 100
125 200000 | 59 88 103 103
104 200000 | 53 69 86 86
127 200000 | 57 85 112 112
113 200000 | 47 81 98 98
146 200000 | 84 93 115 115
98 200000 | 54 61 81 81
121 200000 | 70 82 90 90
102 200000 | 52 76 76 76
104 200000 | 52 73 83 83
115 200000 | 68 69 93 93
116 200000 | 58 78 96 96
137 200000 | 73 91 110 110
116 200000 | 64 71 97 97
131 200000 | 62 91 109 109
138 200000 | 68 102 106 106
125 200000 | 67 86 97 97
124 200000 | 69 83 96 96
129 200000 | 67 83 108 108
122 200000 | 63 78 103 103
107 200000 | 58 64 92 92
122 200000 | 64 78 102 102
130 200000 | 63 95 102 102
130 200000 | 68 89 103 103
127 200000 | 68 88 98 98
112 200000 | 63 65 96 96
104 200000 | 44 76 88 88
120 200000 | 72 69 99 99
108 200000 | 52 77 87 87
124 200000 | 64 90 94 94
128 200000 | 64 94 98 98
121 200000 | 62 79 101 101
123 200000 | 67 83 96 96
128 200000 | 66 88 102 102
123 200000 | 67 81 98 98
116 200000 | 67 74 91 91
136 200000 | 56 99 117 117
122 200000 | 70 81 93 93
130 200000 | 76 79 105 105
112 200000 | 59 73 92 92
110 200000 | 57 73 90 90
106 200000 | 53 75 84 84
108 200000 | 55 76 85 85
150 200000 | 84 90 126 126
118 200000 | 58 83 95 95
114 200000 | 55 76 97 97
121 200000 | 62 73 107 107
122 200000 | 60 79 105 105
106 200000 | 47 77 88 88
129 200000 | 62 94 102 102
120 200000 | 63 76 101 101
134 200000 | 72 90 106 106
113 200000 | 51 75 100 100
123 200000 | 58 88 100 100
133 200000 | 76 84 106 106
121 200000 | 62 85 95 95
111 200000 | 51 75 96 96
125 200000 | 71 82 97 97
118 200000 | 62 78 96 96
122 200000 | 60 83 101 101
116 200000 | 61 74 97 97
113 200000 | 54 78 94 94
125 200000 | 63 85 102 102
136 200000 | 76 83 113 113
110 200000 | 66 75 79 79
131 200000 | 70 88 104 104
127 200000 | 66 81 107 107
82 200000 | 43 51 70 70
134 200000 | 65 85 118 118
131 200000 | 59 96 107 107
128 200000 | 64 85 107 107
121 200000 | 64 78 100 100
116 200000 | 67 76 89 89
119 200000 | 62 79 97 97
114 200000 | 53 80 95 95
117 200000 | 60 80 94 94
132 200000 | 73 81 110 110
117 200000 | 55 76 103 103
120 200000 | 57 84 99 99
132 200000 | 67 92 105 105
135 200000 | 73 83 114 114
121 200000 | 71 72 99 99
107 200000 | 53 72 89 89
100 200000 | 54 61 85 85
116 200000 | 60 83 89 89
119 200000 | 71 65 102 102
127 200000 | 61 83 110 110
121 200000 | 62 79 101 101
141 200000 | 70 97 115 115
121 200000 | 55 95 92 92
130 200000 | 67 84 109 109
102 200000 | 47 70 87 87
129 200000 | 63 80 115 115
119 200000 | 56 86 96 96
124 200000 | 64 74 110 110
134 200000 | 65 99 104 104
125 200000 | 63 85 102 102
127 200000 | 71 83 100 100
109 200000 | 55 71 92 92
125 200000 | 65 88 97 97
119 200000 | 55 85 98 98
112 200000 | 65 70 89 89
120 200000 | 45 92 103 103
119 200000 | 70 79 89 89
119 200000 | 55 83 100 100
119 200000 | 55 85 98 98
128 200000 | 62 91 103 103
117 200000 | 60 72 102 102
115 200000 | 53 81 96 96
106 200000 | 55 72 85 85
102 200000 | 48 64 92 92
114 200000 | 62 83 83 83
120 200000 | 63 77 100 100
122 200000 | 58 86 100 100
116 200000 | 58 74 100 100
121 200000 | 64 75 103 103
104 200000 | 58 67 83 83
117 200000 | 55 79 100 100
130 200000 | 66 88 106 106
142 200000 | 75 89 120 120
112 200000 | 53 75 96 96
124 200000 | 63 86 99 99
109 200000 | 59 69 90 90
116 200000 | 52 78 102 102
125 200000 | 56 86 108 108
149 200000 | 73 99 126 126
140 200000 | 82 82 116 116
125 200000 | 61 87 102 102
108 200000 | 63 65 88 88
126 200000 | 64 82 106 106
126 200000 | 56 86 110 110
113 200000 | 57 74 95 95
114 200000 | 71 67 90 90
136 200000 | 62 97 113 113
122 200000 | 66 74 104 104
113 200000 | 62 70 94 94
130 200000 | 75 79 106 106
143 200000 | 65 104 117 117
122 200000 | 69 76 99 99
117 200000 | 55 86 93 93
130 200000 | 65 87 108 108
141 200000 | 68 100 114 114
121 200000 | 62 75 105 105
119 200000 | 53 78 107 107
94 200000 | 47 56 85 85
141 200000 | 73 91 118 118
146 200000 | 72 100 120 120
121 200000 | 70 73 99 99
124 200000 | 64 82 102 102
119 200000 | 68 79 91 91
120 200000 | 58 78 104 104
129 200000 | 72 87 99 99
118 200000 | 64 74 98 98
96 200000 | 48 66 78 78
111 200000 | 69 73 80 80
124 200000 | 56 86 106 106
117 200000 | 66 72 96 96
122 200000 | 62 91 91 91
123 200000 | 71 75 100 100
111 200000 | 51 75 96 96
132 200000 | 64 83 117 117
130 200000 | 75 75 110 110
130 200000 | 71 84 105 105
119 200000 | 62 83 93 93
109 200000 | 53 74 91 91
125 200000 | 67 83 100 100
118 200000 | 60 71 105 105
128 200000 | 63 91 102 102
132 200000 | 70 88 106 106
125 200000 | 63 82 105 105
134 200000 | 61 96 111 111
108 200000 | 48 75 93 93
102 200000 | 48 74 82 82
122 200000 | 63 78 103 103
125 200000 | 64 80 106 106
113 200000 | 55 74 97 97
129 200000 | 56 96 106 106
137 200000 | 77 87 110 110
