354 200000 | 254 196 258 258
337 200000 | 244 174 256 256
311 200000 | 227 170 225 225
344 200000 | 244 180 264 264
335 200000 | 241 175 254 254
345 200000 | 268 179 243 243
345 200000 | 238 196 256 256
367 200000 | 276 176 282 282
328 200000 | 239 174 243 243
336 200000 | 249 155 268 268
344 200000 | 263 164 261 261
337 200000 | 253 178 243 243
356 200000 | 281 176 255 255
365 200000 | 283 186 261 261
354 200000 | 271 179 258 258
324 200000 | 247 142 259 259
341 200000 | 234 195 253 253
338 200000 | 259 177 240 240
322 200000 | 224 174 246 246
327 200000 | 241 161 252 252
333 200000 | 248 177 241 241
342 200000 | 252 172 260 260
334 200000 | 245 180 243 243
320 200000 | 224 178 238 238
328 200000 | 244 165 247 247
344 200000 | 270 152 266 266
334 200000 | 234 177 257 257
336 200000 | 252 166 254 254
334 200000 | 254 156 258 258
346 200000 | 264 173 255 255
347 200000 | 277 162 255 255
371 200000 | 273 207 262 262
337 200000 | 260 167 247 247
361 200000 | 283 167 272 272
378 200000 | 292 183 281 281
304 200000 | 228 153 227 227
381 200000 | 291 181 290 290
334 200000 | 247 168 253 253
378 200000 | 270 196 290 290
353 200000 | 266 173 267 267
368 200000 | 274 179 283 283
371 200000 | 293 176 273 273
351 200000 | 270 165 267 267
343 200000 | 265 165 256 256
348 200000 | 265 184 247 247
339 200000 | 258 182 238 238
336 200000 | 248 181 243 243
370 200000 | 281 200 259 259
398 200000 | 288 202 306 306
356 200000 | 274 191 247 247
347 200000 | 271 163 260 260
323 200000 | 236 176 234 234
307 200000 | 225 162 227 227
323 200000 | 248 166 232 232
328 200000 | 252 150 254 254
332 200000 | 259 150 255 255
335 200000 | 240 165 265 265
363 200000 | 272 179 275 275
346 200000 | 264 160 268 268
328 200000 | 248 165 243 243
326 200000 | 253 161 238 238
326 200000 | 242 158 252 252
333 200000 | 258 166 242 242
362 200000 | 269 188 267 267
362 200000 | 271 183 270 270
