749 200000 | 508 368 622 622
694 200000 | 463 347 578 578
737 200000 | 476 365 633 633
733 200000 | 500 364 602 602
745 200000 | 489 380 621 621
736 200000 | 493 367 612 612
736 200000 | 504 355 613 613
740 200000 | 481 370 629 629
732 200000 | 490 359 615 615
776 200000 | 502 408 642 642
724 200000 | 487 371 590 590
735 200000 | 488 359 623 623
718 200000 | 469 379 588 588
686 200000 | 460 339 573 573
744 200000 | 486 378 624 624
714 200000 | 480 347 601 601
759 200000 | 487 389 642 642
748 200000 | 487 379 630 630
746 200000 | 497 362 633 633
713 200000 | 461 361 604 604
679 200000 | 464 316 578 578
694 200000 | 462 347 579 579
746 200000 | 484 412 596 596
738 200000 | 492 390 594 594
718 200000 | 488 358 590 590
753 200000 | 487 405 614 614
722 200000 | 491 356 597 597
667 200000 | 449 332 553 553
747 200000 | 506 388 600 600
740 200000 | 501 394 585 585
732 200000 | 509 377 578 578
715 200000 | 498 346 586 586
701 200000 | 479 347 576 576
783 200000 | 545 364 657 657
730 200000 | 498 365 597 597
677 200000 | 433 365 556 556
719 200000 | 493 348 597 597
761 200000 | 500 397 625 625
761 200000 | 522 378 622 622
660 200000 | 421 342 557 557
679 200000 | 449 337 572 572
749 200000 | 500 366 632 632
718 200000 | 485 365 586 586
738 200000 | 511 362 603 603
774 200000 | 512 387 649 649
770 200000 | 523 392 625 625
710 200000 | 465 384 571 571
727 200000 | 492 364 598 598
710 200000 | 478 357 585 585
699 200000 | 474 367 557 557
761 200000 | 528 377 617 617
742 200000 | 504 375 605 605
726 200000 | 501 339 612 612
704 200000 | 461 384 563 563
739 200000 | 489 376 613 613
733 200000 | 486 383 597 597
706 200000 | 460 369 583 583
700 200000 | 452 380 568 568
766 200000 | 506 397 629 629
702 200000 | 465 384 555 555
713 200000 | 478 351 597 597
693 200000 | 481 352 553 553
713 200000 | 471 362 593 593
701 200000 | 483 337 582 582
710 200000 | 489 340 591 591
698 200000 | 466 361 569 569
684 200000 | 450 359 559 559
754 200000 | 509 369 630 630
715 200000 | 455 385 590 590
