1375 200000 | 699 1336 715 715
1323 200000 | 645 1285 716 716
1374 200000 | 659 1339 750 750
1394 200000 | 708 1353 727 727
1410 200000 | 741 1367 712 712
1430 200000 | 771 1387 702 702
1387 200000 | 697 1359 718 718
1382 200000 | 700 1344 720 720
1359 200000 | 686 1326 706 706
1334 200000 | 736 1290 642 642
1386 200000 | 681 1356 735 735
1356 200000 | 707 1325 680 680
1389 200000 | 724 1350 704 704
1430 200000 | 731 1399 730 730
1292 200000 | 644 1264 676 676
1390 200000 | 741 1351 688 688
1307 200000 | 686 1272 656 656
1388 200000 | 681 1347 748 748
1347 200000 | 709 1310 675 675
1342 200000 | 689 1307 688 688
1386 200000 | 706 1354 712 712
1403 200000 | 730 1374 702 702
1320 200000 | 658 1283 699 699
1356 200000 | 679 1315 718 718
1336 200000 | 694 1295 683 683
1319 200000 | 670 1288 680 680
1421 200000 | 735 1370 737 737
1348 200000 | 661 1304 731 731
1321 200000 | 689 1281 672 672
1371 200000 | 690 1334 718 718
1395 200000 | 693 1355 742 742
1361 200000 | 691 1322 709 709
1281 200000 | 638 1251 673 673
1334 200000 | 696 1297 675 675
1275 200000 | 662 1245 643 643
1360 200000 | 699 1326 695 695
1416 200000 | 721 1378 733 733
