118 200000 | 78 60 98 98
118 200000 | 71 67 98 98
126 200000 | 88 59 105 105
115 200000 | 71 59 100 100
98 200000 | 71 48 77 77
123 200000 | 74 60 112 112
135 200000 | 92 67 111 111
117 200000 | 87 54 93 93
149 200000 | 90 86 122 122
100 200000 | 63 55 82 82
124 200000 | 88 58 102 102
109 200000 | 75 65 78 78
120 200000 | 77 65 98 98
112 200000 | 70 57 97 97
129 200000 | 81 67 110 110
113 200000 | 73 59 94 94
145 200000 | 97 75 118 118
113 200000 | 79 53 94 94
129 200000 | 90 64 104 104
109 200000 | 71 52 95 95
108 200000 | 73 52 91 91
114 200000 | 81 54 93 93
117 200000 | 76 68 90 90
110 200000 | 69 56 95 95
128 200000 | 95 57 104 104
117 200000 | 85 53 96 96
109 200000 | 64 60 94 94
132 200000 | 87 68 109 109
123 200000 | 83 65 98 98
143 200000 | 91 75 120 120
100 200000 | 70 56 74 74
123 200000 | 87 54 105 105
123 200000 | 78 69 99 99
114 200000 | 71 61 96 96
135 200000 | 89 62 119 119
114 200000 | 83 48 97 97
125 200000 | 75 64 111 111
121 200000 | 80 61 101 101
123 200000 | 91 53 102 102
116 200000 | 76 60 96 96
126 200000 | 89 58 105 105
104 200000 | 73 48 87 87
111 200000 | 80 54 88 88
134 200000 | 97 63 108 108
125 200000 | 87 58 105 105
124 200000 | 78 67 103 103
129 200000 | 90 61 107 107
134 200000 | 92 67 109 109
139 200000 | 96 69 113 113
123 200000 | 81 70 95 95
120 200000 | 76 62 102 102
109 200000 | 72 54 92 92
116 200000 | 74 68 90 90
123 200000 | 81 55 110 110
117 200000 | 76 63 95 95
130 200000 | 97 57 106 106
120 200000 | 79 56 105 105
136 200000 | 85 70 117 117
125 200000 | 80 61 109 109
114 200000 | 68 68 92 92
124 200000 | 94 61 93 93
118 200000 | 71 71 94 94
123 200000 | 88 60 98 98
117 200000 | 80 57 97 97
114 200000 | 75 58 95 95
116 200000 | 75 58 99 99
107 200000 | 72 57 85 85
117 200000 | 79 59 96 96
119 200000 | 84 63 91 91
123 200000 | 80 69 97 97
133 200000 | 93 63 110 110
135 200000 | 89 70 111 111
102 200000 | 69 50 85 85
114 200000 | 85 50 93 93
131 200000 | 84 73 105 105
133 200000 | 81 74 111 111
138 200000 | 86 74 116 116
108 200000 | 78 50 88 88
129 200000 | 81 75 102 102
107 200000 | 77 49 88 88
122 200000 | 85 58 101 101
123 200000 | 88 50 108 108
125 200000 | 81 69 100 100
129 200000 | 86 63 109 109
132 200000 | 79 67 118 118
115 200000 | 79 57 94 94
131 200000 | 92 67 103 103
133 200000 | 97 58 111 111
130 200000 | 84 71 105 105
119 200000 | 76 64 98 98
104 200000 | 69 53 86 86
136 200000 | 84 73 115 115
151 200000 | 100 77 125 125
122 200000 | 84 67 93 93
116 200000 | 79 56 97 97
126 200000 | 71 73 108 108
103 200000 | 70 57 79 79
133 200000 | 88 65 113 113
113 200000 | 74 56 96 96
120 200000 | 74 65 101 101
129 200000 | 86 67 105 105
145 200000 | 102 71 117 117
128 200000 | 85 69 102 102
121 200000 | 76 67 99 99
136 200000 | 82 74 116 116
110 200000 | 68 58 94 94
120 200000 | 75 67 98 98
124 200000 | 79 65 104 104
121 200000 | 79 64 99 99
135 200000 | 96 58 116 116
130 200000 | 87 64 109 109
113 200000 | 75 60 91 91
107 200000 | 62 62 90 90
116 200000 | 76 66 90 90
111 200000 | 72 54 96 96
136 200000 | 98 66 108 108
122 200000 | 86 64 94 94
130 200000 | 84 68 108 108
127 200000 | 76 69 109 109
122 200000 | 79 66 99 99
130 200000 | 81 71 108 108
121 200000 | 78 64 100 100
117 200000 | 71 65 98 98
114 200000 | 75 59 94 94
126 200000 | 84 61 107 107
110 200000 | 75 59 86 86
124 200000 | 89 58 101 101
126 200000 | 93 61 98 98
128 200000 | 88 64 104 104
153 200000 | 101 79 126 126
113 200000 | 76 55 95 95
96 200000 | 66 44 82 82
123 200000 | 87 55 104 104
117 200000 | 80 54 100 100
108 200000 | 79 50 87 87
141 200000 | 98 71 113 113
137 200000 | 93 64 117 117
144 200000 | 99 71 118 118
91 200000 | 63 48 71 71
124 200000 | 82 63 103 103
117 200000 | 73 60 101 101
109 200000 | 63 61 94 94
125 200000 | 87 68 95 95
117 200000 | 82 58 94 94
137 200000 | 98 65 111 111
124 200000 | 86 65 97 97
116 200000 | 78 61 93 93
122 200000 | 80 57 107 107
125 200000 | 85 59 106 106
104 200000 | 60 63 85 85
122 200000 | 80 65 99 99
116 200000 | 77 62 93 93
133 200000 | 91 64 111 111
130 200000 | 82 67 111 111
125 200000 | 87 68 95 95
129 200000 | 91 61 106 106
136 200000 | 78 79 115 115
104 200000 | 74 51 83 83
124 200000 | 82 69 97 97
129 200000 | 81 71 106 106
108 200000 | 72 56 88 88
107 200000 | 79 49 86 86
129 200000 | 100 55 103 103
136 200000 | 94 73 105 105
99 200000 | 67 51 80 80
129 200000 | 82 68 108 108
119 200000 | 78 54 106 106
126 200000 | 86 61 105 105
127 200000 | 84 66 104 104
118 200000 | 83 57 96 96
138 200000 | 85 75 116 116
117 200000 | 74 64 96 96
137 200000 | 96 67 111 111
116 200000 | 87 40 105 105
100 200000 | 64 52 84 84
124 200000 | 88 57 103 103
137 200000 | 94 68 112 112
134 200000 | 85 76 107 107
103 200000 | 67 58 81 81
100 200000 | 62 59 79 79
112 200000 | 72 64 88 88
120 200000 | 82 54 104 104
117 200000 | 77 65 92 92
126 200000 | 78 59 115 115
133 200000 | 88 69 109 109
126 200000 | 86 60 106 106
134 200000 | 89 64 115 115
125 200000 | 81 56 113 113
121 200000 | 84 64 94 94
118 200000 | 81 59 96 96
113 200000 | 67 62 97 97
119 200000 | 77 61 100 100
125 200000 | 92 57 101 101
139 200000 | 84 80 114 114
117 200000 | 83 59 92 92
124 200000 | 76 63 109 109
128 200000 | 86 61 109 109
132 200000 | 93 63 108 108
114 200000 | 79 48 101 101
124 200000 | 75 60 113 113
112 200000 | 69 60 95 95
150 200000 | 99 80 121 121
126 200000 | 77 66 109 109
97 200000 | 69 45 80 80
137 200000 | 93 72 109 109
133 200000 | 94 70 102 102
130 200000 | 86 70 104 104
127 200000 | 80 73 101 101
135 200000 | 89 69 112 112
98 200000 | 58 54 84 84
139 200000 | 89 67 122 122
128 200000 | 82 64 110 110
105 200000 | 71 52 87 87
101 200000 | 70 47 85 85
122 200000 | 71 68 105 105
115 200000 | 68 68 94 94
