251 200000 | 193 111 198 198
255 200000 | 199 124 187 187
281 200000 | 220 127 215 215
267 200000 | 205 136 193 193
285 200000 | 230 141 199 199
265 200000 | 194 136 200 200
250 200000 | 195 120 185 185
287 200000 | 213 139 222 222
284 200000 | 204 145 219 219
265 200000 | 196 140 194 194
280 200000 | 193 149 218 218
289 200000 | 204 145 229 229
289 200000 | 221 132 225 225
232 200000 | 183 117 164 164
271 200000 | 193 133 216 216
270 200000 | 213 125 202 202
249 200000 | 189 138 171 171
222 200000 | 175 111 158 158
255 200000 | 192 124 194 194
264 200000 | 202 133 193 193
243 200000 | 179 129 178 178
260 200000 | 188 135 197 197
273 200000 | 206 134 206 206
278 200000 | 213 132 211 211
291 200000 | 208 149 225 225
266 200000 | 204 135 193 193
273 200000 | 201 146 199 199
244 200000 | 184 119 185 185
257 200000 | 191 130 193 193
281 200000 | 222 132 208 208
293 200000 | 222 152 212 212
298 200000 | 229 141 226 226
264 200000 | 204 120 204 204
292 200000 | 214 155 215 215
274 200000 | 197 144 207 207
237 200000 | 178 118 178 178
265 200000 | 197 132 201 201
252 200000 | 192 124 188 188
259 200000 | 201 127 190 190
244 200000 | 188 116 184 184
261 200000 | 180 136 206 206
275 200000 | 206 132 212 212
262 200000 | 194 125 205 205
259 200000 | 196 133 189 189
276 200000 | 212 140 200 200
283 200000 | 222 137 207 207
249 200000 | 194 129 175 175
261 200000 | 202 133 187 187
259 200000 | 190 138 190 190
260 200000 | 201 126 193 193
252 200000 | 189 122 193 193
293 200000 | 238 140 208 208
280 200000 | 195 159 206 206
247 200000 | 186 113 195 195
263 200000 | 202 117 207 207
248 200000 | 174 144 178 178
288 200000 | 224 140 212 212
251 200000 | 178 133 191 191
266 200000 | 197 133 202 202
254 200000 | 186 141 181 181
267 200000 | 216 126 192 192
277 200000 | 211 134 209 209
275 200000 | 218 122 210 210
239 200000 | 190 135 153 153
250 200000 | 193 114 193 193
287 200000 | 203 139 232 232
282 200000 | 220 138 206 206
265 200000 | 197 124 209 209
267 200000 | 214 131 189 189
295 200000 | 221 141 228 228
286 200000 | 233 130 209 209
318 200000 | 239 162 235 235
265 200000 | 208 122 200 200
281 200000 | 203 149 210 210
277 200000 | 196 149 209 209
240 200000 | 175 121 184 184
292 200000 | 217 141 226 226
275 200000 | 199 145 206 206
276 200000 | 202 143 207 207
281 200000 | 214 146 202 202
264 200000 | 201 122 205 205
275 200000 | 212 129 209 209
279 200000 | 201 144 213 213
272 200000 | 208 129 207 207
279 200000 | 205 143 210 210
255 200000 | 193 131 186 186
238 200000 | 190 121 165 165
256 200000 | 178 138 196 196
285 200000 | 206 139 225 225
287 200000 | 210 153 211 211
263 200000 | 195 134 197 197
260 200000 | 194 129 197 197
295 200000 | 228 144 218 218
263 200000 | 203 128 195 195
270 200000 | 197 142 201 201
296 200000 | 222 149 221 221
282 200000 | 221 121 222 222
268 200000 | 202 143 191 191
251 200000 | 188 132 182 182
273 200000 | 203 141 202 202
229 200000 | 165 107 186 186
263 200000 | 200 137 189 189
282 200000 | 209 150 205 205
242 200000 | 186 128 170 170
257 200000 | 187 143 184 184
283 200000 | 222 136 208 208
275 200000 | 197 150 203 203
274 200000 | 201 134 213 213
277 200000 | 221 135 198 198
276 200000 | 200 136 216 216
266 200000 | 182 139 211 211
259 200000 | 192 142 184 184
238 200000 | 181 118 177 177
261 200000 | 189 131 202 202
274 200000 | 217 130 201 201
282 200000 | 215 139 210 210
273 200000 | 197 140 209 209
239 200000 | 170 132 176 176
277 200000 | 207 136 211 211
266 200000 | 216 128 188 188
264 200000 | 190 150 188 188
270 200000 | 201 145 194 194
275 200000 | 212 133 205 205
268 200000 | 199 129 208 208
254 200000 | 194 127 187 187
247 200000 | 188 122 184 184
277 200000 | 202 148 204 204
265 200000 | 212 144 174 174
263 200000 | 188 124 214 214
284 200000 | 211 159 198 198
244 200000 | 172 133 183 183
269 200000 | 204 120 214 214
273 200000 | 196 135 215 215
255 200000 | 182 136 192 192
261 200000 | 202 120 200 200
281 200000 | 218 125 219 219
283 200000 | 217 143 206 206
263 200000 | 191 137 198 198
243 200000 | 188 116 182 182
278 200000 | 211 139 206 206
281 200000 | 215 149 198 198
286 200000 | 221 141 210 210
280 200000 | 220 139 201 201
253 200000 | 188 129 189 189
267 200000 | 210 130 194 194
279 200000 | 195 150 213 213
276 200000 | 199 142 211 211
289 200000 | 223 144 211 211
266 200000 | 202 142 188 188
267 200000 | 198 131 205 205
265 200000 | 203 134 193 193
263 200000 | 201 123 202 202
285 200000 | 222 131 217 217
268 200000 | 200 131 205 205
281 200000 | 212 142 208 208
264 200000 | 211 125 192 192
245 200000 | 186 117 187 187
262 200000 | 195 129 200 200
264 200000 | 211 122 195 195
288 200000 | 228 120 228 228
301 200000 | 230 148 224 224
270 200000 | 187 138 215 215
275 200000 | 205 137 208 208
262 200000 | 198 135 191 191
285 200000 | 204 146 220 220
251 200000 | 190 130 182 182
267 200000 | 199 143 192 192
253 200000 | 189 135 182 182
249 200000 | 185 134 179 179
268 200000 | 208 141 187 187
249 200000 | 196 109 193 193
246 200000 | 189 117 186 186
299 200000 | 218 149 231 231
306 200000 | 228 146 238 238
292 200000 | 214 156 214 214
278 200000 | 206 136 214 214
248 200000 | 199 114 183 183
266 200000 | 197 132 203 203
255 200000 | 185 131 194 194
276 200000 | 210 144 198 198
239 200000 | 178 116 184 184
276 200000 | 197 144 211 211
301 200000 | 220 154 228 228
271 200000 | 194 145 203 203
257 200000 | 196 112 206 206
261 200000 | 190 131 201 201
282 200000 | 207 142 215 215
