725 200000 | 483 475 492 492
718 200000 | 485 464 487 487
758 200000 | 505 516 495 495
741 200000 | 490 488 504 504
775 200000 | 528 524 498 498
687 200000 | 458 460 456 456
704 200000 | 491 478 439 439
725 200000 | 485 491 474 474
701 200000 | 462 463 477 477
714 200000 | 494 458 476 476
748 200000 | 496 487 513 513
676 200000 | 458 455 439 439
717 200000 | 496 468 470 470
742 200000 | 492 502 490 490
709 200000 | 491 452 475 475
730 200000 | 506 482 472 472
712 200000 | 467 492 465 465
698 200000 | 462 463 471 471
734 200000 | 509 482 477 477
730 200000 | 486 475 499 499
698 200000 | 486 438 472 472
704 200000 | 464 450 494 494
753 200000 | 511 518 477 477
695 200000 | 463 458 469 469
747 200000 | 479 520 495 495
704 200000 | 468 479 461 461
772 200000 | 517 525 502 502
724 200000 | 495 483 470 470
724 200000 | 503 478 467 467
706 200000 | 480 480 452 452
721 200000 | 485 482 475 475
700 200000 | 475 467 458 458
715 200000 | 470 470 490 490
702 200000 | 444 477 483 483
771 200000 | 514 523 505 505
729 200000 | 485 493 480 480
677 200000 | 478 439 437 437
662 200000 | 443 445 436 436
672 200000 | 465 423 456 456
710 200000 | 465 481 474 474
737 200000 | 499 478 497 497
772 200000 | 525 504 515 515
703 200000 | 478 462 466 466
684 200000 | 453 460 455 455
680 200000 | 462 455 443 443
670 200000 | 446 452 442 442
663 200000 | 464 403 459 459
729 200000 | 480 492 486 486
728 200000 | 502 472 482 482
778 200000 | 520 522 514 514
749 200000 | 505 490 503 503
726 200000 | 504 495 453 453
727 200000 | 471 516 467 467
686 200000 | 438 490 444 444
720 200000 | 465 486 489 489
758 200000 | 513 504 499 499
682 200000 | 439 446 479 479
740 200000 | 500 491 489 489
724 200000 | 507 472 469 469
735 200000 | 482 492 496 496
693 200000 | 459 464 463 463
670 200000 | 445 447 448 448
771 200000 | 502 530 510 510
706 200000 | 472 471 469 469
741 200000 | 485 495 502 502
729 200000 | 502 499 457 457
695 200000 | 479 473 438 438
748 200000 | 489 522 485 485
728 200000 | 509 473 474 474
670 200000 | 450 455 435 435
