60 200000 | 49 59 12 12
56 200000 | 45 50 17 17
62 200000 | 48 60 16 16
73 200000 | 58 68 20 20
57 200000 | 48 56 10 10
66 200000 | 53 61 18 18
58 200000 | 49 56 11 11
65 200000 | 51 64 15 15
61 200000 | 54 58 10 10
82 200000 | 68 79 17 17
78 200000 | 65 72 19 19
57 200000 | 39 56 19 19
60 200000 | 49 55 16 16
57 200000 | 46 55 13 13
56 200000 | 45 52 15 15
68 200000 | 58 66 12 12
63 200000 | 49 62 15 15
72 200000 | 56 69 19 19
59 200000 | 48 56 14 14
74 200000 | 57 68 23 23
52 200000 | 38 51 15 15
59 200000 | 49 56 13 13
77 200000 | 54 73 27 27
68 200000 | 54 68 14 14
70 200000 | 63 70 7 7
64 200000 | 54 61 13 13
65 200000 | 56 63 11 11
58 200000 | 47 57 12 12
67 200000 | 49 62 23 23
49 200000 | 37 49 12 12
56 200000 | 46 53 13 13
72 200000 | 59 66 19 19
59 200000 | 45 59 14 14
59 200000 | 48 57 13 13
71 200000 | 64 66 12 12
58 200000 | 48 55 13 13
61 200000 | 51 59 12 12
64 200000 | 49 63 16 16
66 200000 | 52 65 15 15
76 200000 | 61 68 23 23
61 200000 | 50 58 14 14
74 200000 | 59 72 17 17
65 200000 | 54 63 13 13
74 200000 | 60 69 19 19
67 200000 | 53 65 16 16
69 200000 | 58 65 15 15
85 200000 | 68 82 20 20
77 200000 | 63 71 20 20
71 200000 | 64 67 11 11
61 200000 | 52 60 10 10
50 200000 | 46 49 5 5
70 200000 | 52 69 19 19
63 200000 | 47 59 20 20
70 200000 | 63 68 9 9
57 200000 | 46 56 12 12
65 200000 | 55 62 13 13
75 200000 | 57 70 23 23
56 200000 | 46 56 10 10
61 200000 | 50 60 12 12
68 200000 | 56 65 15 15
58 200000 | 46 55 15 15
74 200000 | 67 69 12 12
63 200000 | 51 62 13 13
60 200000 | 53 59 8 8
68 200000 | 55 67 14 14
62 200000 | 51 60 13 13
87 200000 | 71 82 21 21
53 200000 | 38 50 18 18
59 200000 | 45 57 16 16
63 200000 | 48 60 18 18
67 200000 | 57 67 10 10
57 200000 | 48 56 10 10
51 200000 | 44 49 9 9
66 200000 | 49 65 18 18
74 200000 | 61 72 15 15
73 200000 | 58 70 18 18
51 200000 | 42 50 10 10
61 200000 | 49 58 15 15
70 200000 | 54 65 21 21
61 200000 | 50 60 12 12
73 200000 | 60 71 15 15
56 200000 | 47 55 10 10
64 200000 | 56 61 11 11
69 200000 | 50 67 21 21
58 200000 | 51 55 10 10
77 200000 | 65 76 13 13
72 200000 | 58 69 17 17
67 200000 | 54 65 15 15
64 200000 | 50 61 17 17
62 200000 | 48 59 17 17
53 200000 | 38 51 17 17
53 200000 | 40 53 13 13
64 200000 | 52 62 14 14
65 200000 | 50 61 19 19
59 200000 | 48 58 12 12
69 200000 | 60 60 18 18
61 200000 | 54 61 7 7
59 200000 | 45 58 15 15
71 200000 | 60 69 13 13
66 200000 | 56 65 11 11
66 200000 | 56 65 11 11
75 200000 | 56 71 23 23
60 200000 | 44 58 18 18
82 200000 | 67 81 16 16
65 200000 | 46 65 19 19
73 200000 | 53 67 26 26
56 200000 | 43 53 16 16
68 200000 | 56 64 16 16
64 200000 | 53 61 14 14
62 200000 | 44 62 18 18
60 200000 | 53 60 7 7
63 200000 | 55 61 10 10
60 200000 | 51 59 10 10
61 200000 | 51 57 14 14
64 200000 | 52 63 13 13
62 200000 | 48 57 19 19
73 200000 | 57 68 21 21
71 200000 | 55 67 20 20
59 200000 | 44 58 16 16
70 200000 | 61 68 11 11
73 200000 | 62 70 14 14
73 200000 | 60 71 15 15
72 200000 | 56 72 16 16
70 200000 | 57 68 15 15
74 200000 | 63 73 12 12
78 200000 | 69 76 11 11
61 200000 | 53 60 9 9
67 200000 | 56 63 15 15
68 200000 | 54 64 18 18
51 200000 | 44 48 10 10
63 200000 | 50 58 18 18
67 200000 | 49 63 22 22
57 200000 | 48 56 10 10
69 200000 | 56 67 15 15
65 200000 | 50 60 20 20
63 200000 | 50 61 15 15
