723 200000 | 698 311 437 437
698 200000 | 662 313 421 421
687 200000 | 662 278 434 434
735 200000 | 698 303 469 469
703 200000 | 669 278 459 459
732 200000 | 701 308 455 455
731 200000 | 689 294 479 479
742 200000 | 718 320 446 446
723 200000 | 694 275 477 477
742 200000 | 695 301 488 488
803 200000 | 750 378 478 478
727 200000 | 689 295 470 470
716 200000 | 679 297 456 456
664 200000 | 631 288 409 409
742 200000 | 711 301 472 472
708 200000 | 672 288 456 456
734 200000 | 703 295 470 470
772 200000 | 732 353 459 459
697 200000 | 668 267 459 459
741 200000 | 713 272 497 497
744 200000 | 716 311 461 461
719 200000 | 701 276 461 461
771 200000 | 726 322 494 494
672 200000 | 644 293 407 407
706 200000 | 668 275 469 469
752 200000 | 713 334 457 457
755 200000 | 711 308 491 491
688 200000 | 656 287 433 433
747 200000 | 703 316 475 475
716 200000 | 679 285 468 468
680 200000 | 650 281 429 429
713 200000 | 684 279 463 463
694 200000 | 665 294 429 429
746 200000 | 709 284 499 499
760 200000 | 715 326 479 479
728 200000 | 692 311 453 453
745 200000 | 709 313 468 468
655 200000 | 630 263 417 417
711 200000 | 677 296 449 449
769 200000 | 736 312 490 490
730 200000 | 689 320 451 451
781 200000 | 753 308 501 501
737 200000 | 689 304 481 481
732 200000 | 699 306 459 459
718 200000 | 679 291 466 466
729 200000 | 699 322 437 437
697 200000 | 663 269 462 462
680 200000 | 650 287 423 423
759 200000 | 726 332 460 460
707 200000 | 675 288 451 451
787 200000 | 752 326 496 496
766 200000 | 729 307 496 496
776 200000 | 747 297 508 508
715 200000 | 678 295 457 457
702 200000 | 673 283 448 448
734 200000 | 701 306 461 461
715 200000 | 685 272 473 473
725 200000 | 692 294 464 464
816 200000 | 776 363 493 493
720 200000 | 695 305 440 440
708 200000 | 679 274 463 463
762 200000 | 726 320 478 478
738 200000 | 702 331 443 443
672 200000 | 644 288 412 412
702 200000 | 657 307 440 440
709 200000 | 671 301 446 446
703 200000 | 668 263 475 475
783 200000 | 750 352 464 464
700 200000 | 673 292 435 435
