57 200000 | 54 24 36 36
58 200000 | 57 17 42 42
62 200000 | 61 26 37 37
54 200000 | 54 18 36 36
61 200000 | 61 20 41 41
53 200000 | 52 19 35 35
85 200000 | 84 37 49 49
53 200000 | 53 21 32 32
49 200000 | 48 19 31 31
57 200000 | 57 23 34 34
75 200000 | 74 28 48 48
52 200000 | 52 17 35 35
63 200000 | 63 20 43 43
50 200000 | 50 17 33 33
58 200000 | 58 17 41 41
38 200000 | 38 15 23 23
54 200000 | 54 21 33 33
64 200000 | 64 22 42 42
49 200000 | 49 15 34 34
58 200000 | 58 18 40 40
69 200000 | 69 23 46 46
61 200000 | 61 20 41 41
69 200000 | 68 21 49 49
56 200000 | 55 13 44 44
64 200000 | 64 18 46 46
66 200000 | 66 25 41 41
53 200000 | 53 23 30 30
59 200000 | 59 13 46 46
50 200000 | 50 16 34 34
61 200000 | 61 22 39 39
53 200000 | 53 15 38 38
55 200000 | 55 13 42 42
64 200000 | 64 25 39 39
57 200000 | 57 20 37 37
58 200000 | 58 24 34 34
64 200000 | 63 19 46 46
55 200000 | 55 19 36 36
61 200000 | 61 12 49 49
57 200000 | 57 19 38 38
62 200000 | 62 17 45 45
63 200000 | 63 29 34 34
64 200000 | 64 21 43 43
59 200000 | 58 21 39 39
60 200000 | 59 25 36 36
63 200000 | 63 17 46 46
63 200000 | 62 26 38 38
54 200000 | 54 16 38 38
57 200000 | 56 20 38 38
51 200000 | 50 20 32 32
74 200000 | 74 26 48 48
51 200000 | 50 22 30 30
42 200000 | 42 11 31 31
59 200000 | 59 15 44 44
52 200000 | 52 14 38 38
74 200000 | 74 22 52 52
64 200000 | 64 19 45 45
65 200000 | 65 19 46 46
61 200000 | 60 23 39 39
51 200000 | 51 14 37 37
68 200000 | 67 26 43 43
69 200000 | 68 23 47 47
68 200000 | 68 30 38 38
58 200000 | 57 19 40 40
65 200000 | 65 26 39 39
51 200000 | 51 19 32 32
58 200000 | 58 17 41 41
68 200000 | 65 34 37 37
53 200000 | 53 16 37 37
65 200000 | 64 28 38 38
69 200000 | 69 21 48 48
57 200000 | 57 19 38 38
46 200000 | 45 13 34 34
66 200000 | 66 21 45 45
70 200000 | 70 17 53 53
50 200000 | 50 12 38 38
73 200000 | 72 28 46 46
71 200000 | 71 28 43 43
59 200000 | 59 19 40 40
50 200000 | 50 19 31 31
72 200000 | 72 25 47 47
53 200000 | 53 25 28 28
59 200000 | 59 16 43 43
69 200000 | 69 25 44 44
67 200000 | 67 24 43 43
60 200000 | 59 18 43 43
56 200000 | 56 25 31 31
49 200000 | 49 21 28 28
74 200000 | 74 26 48 48
57 200000 | 57 16 41 41
56 200000 | 55 22 35 35
43 200000 | 43 13 30 30
64 200000 | 64 27 37 37
54 200000 | 54 16 38 38
61 200000 | 61 21 40 40
56 200000 | 56 19 37 37
64 200000 | 64 23 41 41
74 200000 | 74 16 58 58
61 200000 | 59 19 44 44
65 200000 | 65 23 42 42
52 200000 | 52 21 31 31
53 200000 | 51 22 33 33
55 200000 | 53 20 37 37
49 200000 | 49 22 27 27
55 200000 | 54 17 39 39
66 200000 | 66 24 42 42
56 200000 | 56 21 35 35
53 200000 | 53 20 33 33
50 200000 | 50 15 35 35
58 200000 | 58 23 35 35
67 200000 | 66 18 50 50
63 200000 | 63 27 36 36
50 200000 | 50 9 41 41
65 200000 | 65 26 39 39
48 200000 | 47 17 32 32
52 200000 | 52 16 36 36
51 200000 | 51 17 34 34
59 200000 | 59 22 37 37
62 200000 | 62 19 43 43
48 200000 | 48 15 33 33
66 200000 | 64 22 46 46
55 200000 | 54 17 39 39
63 200000 | 63 20 43 43
60 200000 | 60 21 39 39
77 200000 | 77 27 50 50
67 200000 | 66 19 49 49
59 200000 | 59 21 38 38
62 200000 | 62 18 44 44
44 200000 | 44 10 34 34
50 200000 | 50 15 35 35
57 200000 | 57 24 33 33
58 200000 | 57 22 37 37
64 200000 | 62 22 44 44
59 200000 | 59 24 35 35
61 200000 | 60 28 34 34
58 200000 | 56 27 33 33
69 200000 | 69 23 46 46
54 200000 | 54 14 40 40
68 200000 | 67 27 42 42
61 200000 | 61 18 43 43
82 200000 | 82 24 58 58
68 200000 | 67 22 47 47
59 200000 | 59 18 41 41
47 200000 | 45 16 33 33
63 200000 | 63 21 42 42
59 200000 | 59 18 41 41
57 200000 | 57 12 45 45
66 200000 | 66 23 43 43
68 200000 | 68 18 50 50
67 200000 | 66 22 46 46
60 200000 | 60 21 39 39
61 200000 | 60 23 39 39
60 200000 | 60 21 39 39
52 200000 | 52 17 35 35
57 200000 | 57 13 44 44
52 200000 | 52 21 31 31
47 200000 | 47 16 31 31
53 200000 | 52 20 34 34
61 200000 | 61 15 46 46
56 200000 | 56 24 32 32
64 200000 | 64 26 38 38
59 200000 | 59 16 43 43
54 200000 | 53 14 41 41
49 200000 | 49 16 33 33
70 200000 | 70 33 37 37
59 200000 | 58 18 42 42
69 200000 | 69 14 55 55
68 200000 | 68 21 47 47
53 200000 | 52 25 29 29
65 200000 | 65 27 38 38
68 200000 | 68 22 46 46
55 200000 | 55 22 33 33
60 200000 | 59 27 34 34
53 200000 | 53 14 39 39
64 200000 | 64 25 39 39
62 200000 | 61 20 43 43
66 200000 | 64 21 47 47
54 200000 | 54 19 35 35
66 200000 | 65 18 49 49
58 200000 | 58 22 36 36
71 200000 | 71 18 53 53
65 200000 | 65 19 46 46
70 200000 | 70 23 47 47
46 200000 | 46 15 31 31
56 200000 | 55 19 38 38
61 200000 | 59 27 36 36
63 200000 | 63 14 49 49
45 200000 | 45 16 29 29
64 200000 | 64 25 39 39
50 200000 | 49 16 35 35
57 200000 | 57 23 34 34
57 200000 | 57 24 33 33
58 200000 | 56 23 37 37
54 200000 | 54 19 35 35
56 200000 | 56 18 38 38
59 200000 | 58 20 40 40
67 200000 | 65 24 45 45
51 200000 | 51 24 27 27
48 200000 | 47 19 30 30
56 200000 | 56 20 36 36
63 200000 | 63 18 45 45
54 200000 | 54 18 36 36
57 200000 | 57 23 34 34
66 200000 | 66 20 46 46
47 200000 | 47 21 26 26
57 200000 | 56 19 39 39
61 200000 | 60 20 42 42
65 200000 | 65 17 48 48
50 200000 | 49 17 34 34
59 200000 | 59 20 39 39
58 200000 | 58 19 39 39
70 200000 | 69 22 49 49
69 200000 | 69 25 44 44
63 200000 | 63 18 45 45
60 200000 | 60 27 33 33
57 200000 | 57 17 40 40
53 200000 | 52 17 37 37
53 200000 | 52 21 33 33
60 200000 | 59 22 39 39
52 200000 | 52 21 31 31
64 200000 | 64 22 42 42
53 200000 | 53 20 33 33
58 200000 | 57 15 44 44
79 200000 | 78 26 54 54
73 200000 | 72 23 51 51
60 200000 | 60 14 46 46
66 200000 | 65 21 46 46
64 200000 | 64 16 48 48
51 200000 | 51 15 36 36
61 200000 | 61 15 46 46
52 200000 | 52 16 36 36
50 200000 | 50 19 31 31
58 200000 | 58 20 38 38
65 200000 | 65 20 45 45
46 200000 | 46 25 21 21
61 200000 | 61 19 42 42
59 200000 | 59 19 40 40
63 200000 | 63 23 40 40
56 200000 | 54 20 38 38
53 200000 | 53 18 35 35
72 200000 | 69 23 52 52
60 200000 | 60 19 41 41
72 200000 | 72 27 45 45
51 200000 | 51 22 29 29
60 200000 | 60 19 41 41
57 200000 | 57 22 35 35
54 200000 | 53 18 37 37
70 200000 | 70 22 48 48
64 200000 | 63 16 49 49
77 200000 | 76 21 57 57
55 200000 | 55 16 39 39
70 200000 | 69 25 46 46
53 200000 | 53 17 36 36
65 200000 | 65 15 50 50
48 200000 | 48 14 34 34
55 200000 | 54 14 42 42
60 200000 | 60 24 36 36
48 200000 | 48 12 36 36
68 200000 | 68 21 47 47
64 200000 | 64 22 42 42
52 200000 | 52 23 29 29
56 200000 | 54 19 39 39
73 200000 | 73 23 50 50
68 200000 | 68 19 49 49
75 200000 | 75 27 48 48
57 200000 | 57 21 36 36
71 200000 | 70 28 44 44
50 200000 | 49 16 35 35
63 200000 | 63 19 44 44
74 200000 | 74 27 47 47
49 200000 | 48 14 36 36
48 200000 | 48 17 31 31
62 200000 | 62 19 43 43
63 200000 | 62 23 41 41
55 200000 | 55 24 31 31
49 200000 | 48 19 31 31
49 200000 | 49 17 32 32
56 200000 | 54 16 42 42
55 200000 | 53 18 39 39
60 200000 | 60 14 46 46
38 200000 | 38 15 23 23
58 200000 | 57 17 42 42
44 200000 | 44 18 26 26
48 200000 | 48 14 34 34
66 200000 | 66 21 45 45
59 200000 | 59 19 40 40
58 200000 | 57 24 35 35
66 200000 | 66 22 44 44
59 200000 | 59 21 38 38
64 200000 | 63 14 51 51
49 200000 | 48 22 28 28
58 200000 | 58 18 40 40
63 200000 | 63 22 41 41
65 200000 | 65 19 46 46
61 200000 | 61 28 33 33
66 200000 | 66 30 36 36
50 200000 | 50 14 36 36
51 200000 | 51 15 36 36
64 200000 | 64 15 49 49
46 200000 | 46 14 32 32
47 200000 | 46 17 31 31
57 200000 | 57 20 37 37
61 200000 | 61 27 34 34
55 200000 | 55 16 39 39
74 200000 | 74 30 44 44
49 200000 | 49 18 31 31
66 200000 | 66 26 40 40
54 200000 | 54 15 39 39
68 200000 | 68 33 35 35
76 200000 | 75 26 51 51
53 200000 | 52 16 38 38
56 200000 | 55 14 43 43
50 200000 | 50 15 35 35
46 200000 | 46 21 25 25
44 200000 | 44 8 36 36
70 200000 | 70 25 45 45
54 200000 | 54 15 39 39
52 200000 | 51 17 36 36
64 200000 | 63 23 42 42
56 200000 | 54 20 38 38
56 200000 | 55 17 40 40
74 200000 | 74 23 51 51
55 200000 | 55 19 36 36
64 200000 | 64 24 40 40
70 200000 | 69 26 45 45
59 200000 | 59 27 32 32
54 200000 | 53 15 40 40
60 200000 | 59 19 42 42
65 200000 | 63 25 42 42
59 200000 | 58 16 44 44
70 200000 | 69 24 47 47
54 200000 | 54 20 34 34
59 200000 | 59 21 38 38
50 200000 | 50 13 37 37
57 200000 | 56 17 41 41
52 200000 | 52 22 30 30
76 200000 | 76 36 40 40
69 200000 | 68 18 52 52
67 200000 | 67 23 44 44
61 200000 | 60 23 39 39
69 200000 | 69 21 48 48
58 200000 | 58 21 37 37
66 200000 | 66 18 48 48
66 200000 | 66 22 44 44
48 200000 | 46 19 31 31
59 200000 | 59 18 41 41
54 200000 | 54 18 36 36
50 200000 | 50 11 39 39
64 200000 | 64 21 43 43
63 200000 | 63 21 42 42
38 200000 | 38 15 23 23
53 200000 | 53 16 37 37
50 200000 | 50 17 33 33
57 200000 | 55 23 36 36
58 200000 | 57 25 34 34
58 200000 | 58 28 30 30
48 200000 | 48 19 29 29
45 200000 | 45 13 32 32
57 200000 | 56 15 43 43
53 200000 | 53 16 37 37
46 200000 | 46 18 28 28
67 200000 | 67 27 40 40
53 200000 | 53 17 36 36
62 200000 | 61 13 50 50
61 200000 | 61 20 41 41
58 200000 | 57 19 40 40
73 200000 | 73 18 55 55
71 200000 | 71 17 54 54
62 200000 | 61 23 40 40
51 200000 | 51 19 32 32
60 200000 | 59 20 41 41
48 200000 | 48 16 32 32
51 200000 | 51 23 28 28
59 200000 | 59 21 38 38
50 200000 | 50 23 27 27
70 200000 | 70 23 47 47
67 200000 | 67 23 44 44
49 200000 | 49 12 37 37
54 200000 | 54 17 37 37
56 200000 | 56 19 37 37
52 200000 | 52 15 37 37
58 200000 | 58 24 34 34
68 200000 | 68 22 46 46
45 200000 | 45 18 27 27
55 200000 | 55 16 39 39
64 200000 | 64 21 43 43
61 200000 | 61 24 37 37
63 200000 | 63 27 36 36
51 200000 | 51 21 30 30
83 200000 | 83 29 54 54
65 200000 | 65 16 49 49
49 200000 | 49 16 33 33
62 200000 | 61 21 42 42
65 200000 | 65 28 37 37
67 200000 | 65 26 43 43
72 200000 | 71 29 44 44
52 200000 | 52 21 31 31
66 200000 | 65 28 39 39
44 200000 | 44 12 32 32
49 200000 | 49 14 35 35
70 200000 | 69 21 50 50
71 200000 | 70 23 49 49
42 200000 | 41 17 26 26
54 200000 | 54 24 30 30
61 200000 | 60 21 41 41
59 200000 | 59 18 41 41
54 200000 | 54 15 39 39
58 200000 | 58 14 44 44
61 200000 | 61 22 39 39
68 200000 | 68 28 40 40
64 200000 | 64 22 42 42
58 200000 | 58 16 42 42
64 200000 | 63 29 36 36
72 200000 | 72 26 46 46
63 200000 | 63 27 36 36
69 200000 | 69 24 45 45
73 200000 | 73 22 51 51
50 200000 | 50 18 32 32
66 200000 | 66 15 51 51
70 200000 | 70 22 48 48
67 200000 | 67 20 47 47
54 200000 | 54 18 36 36
63 200000 | 62 22 42 42
57 200000 | 57 13 44 44
72 200000 | 70 24 50 50
62 200000 | 62 21 41 41
65 200000 | 65 24 41 41
53 200000 | 53 19 34 34
61 200000 | 60 22 40 40
57 200000 | 57 19 38 38
59 200000 | 59 25 34 34
64 200000 | 64 32 32 32
43 200000 | 43 17 26 26
60 200000 | 60 17 43 43
81 200000 | 81 22 59 59
56 200000 | 56 20 36 36
60 200000 | 60 26 34 34
62 200000 | 62 19 43 43
62 200000 | 61 26 37 37
59 200000 | 58 20 40 40
66 200000 | 66 22 44 44
45 200000 | 45 10 35 35
67 200000 | 67 28 39 39
59 200000 | 59 23 36 36
66 200000 | 65 27 40 40
70 200000 | 70 22 48 48
67 200000 | 67 22 45 45
61 200000 | 61 18 43 43
62 200000 | 62 19 43 43
62 200000 | 61 22 41 41
50 200000 | 50 12 38 38
56 200000 | 55 23 34 34
45 200000 | 45 17 28 28
54 200000 | 54 19 35 35
73 200000 | 73 23 50 50
57 200000 | 57 21 36 36
49 200000 | 49 20 29 29
71 200000 | 71 24 47 47
58 200000 | 55 15 46 46
48 200000 | 48 16 32 32
64 200000 | 64 18 46 46
58 200000 | 58 18 40 40
59 200000 | 59 18 41 41
45 200000 | 45 14 31 31
60 200000 | 60 21 39 39
65 200000 | 64 26 40 40
60 200000 | 60 17 43 43
58 200000 | 57 22 37 37
56 200000 | 55 18 39 39
65 200000 | 65 21 44 44
66 200000 | 64 21 47 47
68 200000 | 68 25 43 43
68 200000 | 67 32 37 37
55 200000 | 55 23 32 32
66 200000 | 66 21 45 45
50 200000 | 50 14 36 36
52 200000 | 52 18 34 34
60 200000 | 60 20 40 40
63 200000 | 63 18 45 45
56 200000 | 56 16 40 40
62 200000 | 62 20 42 42
53 200000 | 53 18 35 35
63 200000 | 63 26 37 37
58 200000 | 58 22 36 36
52 200000 | 52 15 37 37
65 200000 | 65 24 41 41
64 200000 | 64 20 44 44
62 200000 | 62 20 42 42
84 200000 | 83 32 53 53
52 200000 | 52 18 34 34
51 200000 | 51 15 36 36
57 200000 | 57 13 44 44
48 200000 | 48 14 34 34
64 200000 | 63 27 38 38
58 200000 | 58 18 40 40
73 200000 | 73 26 47 47
71 200000 | 71 23 48 48
51 200000 | 50 16 36 36
58 200000 | 58 26 32 32
61 200000 | 61 17 44 44
38 200000 | 38 17 21 21
58 200000 | 56 14 46 46
66 200000 | 65 22 45 45
77 200000 | 77 29 48 48
42 200000 | 42 12 30 30
55 200000 | 55 21 34 34
66 200000 | 65 30 37 37
60 200000 | 60 24 36 36
50 200000 | 50 12 38 38
57 200000 | 57 20 37 37
54 200000 | 54 14 40 40
66 200000 | 66 24 42 42
65 200000 | 65 21 44 44
70 200000 | 70 26 44 44
64 200000 | 64 21 43 43
51 200000 | 51 15 36 36
49 200000 | 49 16 33 33
51 200000 | 49 17 36 36
66 200000 | 66 24 42 42
56 200000 | 56 17 39 39
59 200000 | 59 13 46 46
62 200000 | 62 19 43 43
60 200000 | 60 20 40 40
63 200000 | 63 18 45 45
45 200000 | 45 17 28 28
56 200000 | 55 14 43 43
65 200000 | 65 17 48 48
67 200000 | 66 31 37 37
58 200000 | 58 18 40 40
59 200000 | 59 22 37 37
62 200000 | 62 18 44 44
69 200000 | 68 23 47 47
50 200000 | 49 20 31 31
65 200000 | 64 25 41 41
58 200000 | 58 25 33 33
53 200000 | 53 19 34 34
58 200000 | 57 23 36 36
57 200000 | 55 21 38 38
68 200000 | 68 21 47 47
56 200000 | 56 30 26 26
60 200000 | 60 13 47 47
64 200000 | 64 28 36 36
69 200000 | 68 25 45 45
54 200000 | 54 28 26 26
50 200000 | 50 17 33 33
69 200000 | 67 29 42 42
66 200000 | 66 30 36 36
67 200000 | 66 18 50 50
64 200000 | 63 20 45 45
57 200000 | 57 26 31 31
53 200000 | 53 22 31 31
61 200000 | 61 18 43 43
56 200000 | 56 25 31 31
70 200000 | 70 19 51 51
59 200000 | 59 19 40 40
57 200000 | 56 17 41 41
58 200000 | 58 16 42 42
63 200000 | 62 14 50 50
60 200000 | 60 20 40 40
74 200000 | 74 23 51 51
74 200000 | 74 26 48 48
58 200000 | 58 19 39 39
66 200000 | 66 28 38 38
56 200000 | 55 23 34 34
57 200000 | 57 23 34 34
60 200000 | 60 19 41 41
63 200000 | 63 21 42 42
63 200000 | 61 18 47 47
64 200000 | 63 26 39 39
62 200000 | 62 26 36 36
63 200000 | 63 17 46 46
66 200000 | 66 21 45 45
55 200000 | 55 17 38 38
43 200000 | 43 19 24 24
64 200000 | 63 22 43 43
62 200000 | 62 16 46 46
66 200000 | 66 23 43 43
64 200000 | 64 23 41 41
62 200000 | 62 21 41 41
53 200000 | 53 19 34 34
50 200000 | 50 13 37 37
57 200000 | 57 19 38 38
64 200000 | 64 22 42 42
63 200000 | 62 15 49 49
55 200000 | 55 14 41 41
58 200000 | 58 26 32 32
53 200000 | 52 20 34 34
59 200000 | 59 23 36 36
71 200000 | 70 24 48 48
58 200000 | 58 20 38 38
60 200000 | 60 20 40 40
59 200000 | 59 23 36 36
57 200000 | 56 24 34 34
69 200000 | 69 23 46 46
56 200000 | 56 24 32 32
58 200000 | 58 24 34 34
76 200000 | 74 29 49 49
64 200000 | 64 19 45 45
57 200000 | 57 16 41 41
70 200000 | 70 24 46 46
66 200000 | 66 18 48 48
45 200000 | 43 19 28 28
79 200000 | 79 27 52 52
67 200000 | 67 22 45 45
57 200000 | 55 19 40 40
54 200000 | 54 23 31 31
65 200000 | 65 22 43 43
62 200000 | 61 22 41 41
49 200000 | 49 10 39 39
52 200000 | 52 21 31 31
59 200000 | 58 16 44 44
68 200000 | 67 20 49 49
57 200000 | 57 16 41 41
47 200000 | 46 11 37 37
51 200000 | 51 21 30 30
56 200000 | 55 21 36 36
62 200000 | 62 20 42 42
65 200000 | 65 21 44 44
60 200000 | 60 21 39 39
66 200000 | 64 21 47 47
70 200000 | 70 27 43 43
68 200000 | 67 33 36 36
54 200000 | 54 18 36 36
57 200000 | 57 26 31 31
63 200000 | 62 23 41 41
67 200000 | 67 13 54 54
52 200000 | 52 23 29 29
58 200000 | 58 19 39 39
72 200000 | 71 24 49 49
78 200000 | 77 26 53 53
59 200000 | 59 20 39 39
49 200000 | 49 21 28 28
62 200000 | 62 19 43 43
50 200000 | 50 17 33 33
60 200000 | 60 19 41 41
74 200000 | 74 29 45 45
60 200000 | 59 20 41 41
67 200000 | 66 18 50 50
71 200000 | 71 26 45 45
61 200000 | 60 19 43 43
45 200000 | 45 12 33 33
53 200000 | 53 23 30 30
56 200000 | 56 21 35 35
55 200000 | 55 17 38 38
73 200000 | 72 27 47 47
62 200000 | 62 23 39 39
60 200000 | 60 21 39 39
64 200000 | 63 22 43 43
61 200000 | 61 18 43 43
67 200000 | 66 18 50 50
51 200000 | 51 19 32 32
50 200000 | 50 22 28 28
63 200000 | 63 24 39 39
57 200000 | 57 19 38 38
65 200000 | 64 23 43 43
75 200000 | 75 29 46 46
60 200000 | 60 17 43 43
