460 200000 | 433 226 261 261
472 200000 | 445 226 273 273
469 200000 | 436 197 305 305
451 200000 | 429 187 286 286
475 200000 | 446 222 282 282
445 200000 | 417 194 279 279
493 200000 | 465 207 314 314
463 200000 | 429 202 295 295
450 200000 | 424 207 269 269
454 200000 | 422 207 279 279
493 200000 | 467 233 286 286
437 200000 | 411 206 257 257
448 200000 | 420 197 279 279
476 200000 | 444 206 302 302
435 200000 | 408 195 267 267
489 200000 | 457 231 290 290
487 200000 | 467 206 301 301
477 200000 | 455 205 294 294
457 200000 | 431 211 272 272
487 200000 | 446 220 308 308
448 200000 | 427 189 280 280
469 200000 | 446 202 290 290
471 200000 | 446 218 278 278
486 200000 | 455 220 297 297
440 200000 | 413 218 249 249
462 200000 | 432 221 271 271
482 200000 | 453 222 289 289
455 200000 | 431 210 269 269
509 200000 | 475 222 321 321
483 200000 | 458 205 303 303
460 200000 | 434 196 290 290
456 200000 | 433 210 269 269
438 200000 | 417 190 269 269
425 200000 | 401 211 238 238
467 200000 | 443 196 295 295
483 200000 | 460 208 298 298
456 200000 | 428 204 280 280
385 200000 | 358 170 242 242
470 200000 | 446 208 286 286
433 200000 | 409 201 256 256
435 200000 | 400 204 266 266
436 200000 | 417 206 249 249
449 200000 | 422 196 280 280
479 200000 | 449 217 292 292
517 200000 | 490 241 303 303
455 200000 | 434 214 262 262
464 200000 | 443 197 288 288
511 200000 | 483 224 315 315
467 200000 | 443 204 287 287
445 200000 | 428 197 265 265
480 200000 | 456 212 292 292
493 200000 | 463 206 317 317
443 200000 | 418 191 277 277
449 200000 | 412 220 266 266
479 200000 | 442 211 305 305
453 200000 | 423 204 279 279
431 200000 | 408 206 248 248
480 200000 | 451 218 291 291
442 200000 | 423 186 275 275
483 200000 | 461 213 292 292
479 200000 | 451 210 297 297
475 200000 | 439 232 279 279
434 200000 | 410 187 271 271
461 200000 | 428 225 269 269
437 200000 | 419 203 252 252
483 200000 | 453 222 291 291
464 200000 | 431 195 302 302
458 200000 | 436 203 277 277
497 200000 | 465 211 318 318
496 200000 | 458 232 302 302
464 200000 | 443 205 280 280
457 200000 | 431 215 268 268
470 200000 | 442 212 286 286
458 200000 | 429 220 267 267
469 200000 | 439 203 296 296
458 200000 | 426 222 268 268
490 200000 | 459 209 312 312
420 200000 | 391 212 237 237
491 200000 | 453 234 295 295
460 200000 | 440 202 278 278
490 200000 | 468 217 295 295
463 200000 | 445 208 273 273
503 200000 | 473 227 306 306
451 200000 | 424 197 281 281
455 200000 | 427 199 284 284
476 200000 | 452 202 298 298
442 200000 | 422 203 259 259
485 200000 | 454 212 304 304
466 200000 | 444 197 291 291
471 200000 | 439 210 293 293
441 200000 | 412 195 275 275
472 200000 | 452 204 288 288
