250 200000 | 118 249 133 133
262 200000 | 121 259 144 144
270 200000 | 123 269 148 148
276 200000 | 129 274 149 149
254 200000 | 133 254 121 121
281 200000 | 146 277 139 139
298 200000 | 157 298 141 141
283 200000 | 142 281 143 143
272 200000 | 142 272 130 130
278 200000 | 125 275 156 156
267 200000 | 147 263 124 124
261 200000 | 137 259 126 126
275 200000 | 133 275 142 142
280 200000 | 121 278 161 161
269 200000 | 133 268 137 137
267 200000 | 130 265 139 139
266 200000 | 131 264 137 137
246 200000 | 115 244 133 133
292 200000 | 139 289 156 156
285 200000 | 141 282 147 147
257 200000 | 119 255 140 140
268 200000 | 142 268 126 126
257 200000 | 128 255 131 131
266 200000 | 132 264 136 136
300 200000 | 151 299 150 150
275 200000 | 148 274 128 128
288 200000 | 140 286 150 150
278 200000 | 143 277 136 136
263 200000 | 138 261 127 127
259 200000 | 131 259 128 128
272 200000 | 129 267 148 148
281 200000 | 133 280 149 149
284 200000 | 145 284 139 139
290 200000 | 150 288 142 142
254 200000 | 119 253 136 136
270 200000 | 140 270 130 130
291 200000 | 121 290 171 171
294 200000 | 149 291 148 148
273 200000 | 145 271 130 130
278 200000 | 146 275 135 135
279 200000 | 123 278 157 157
254 200000 | 120 253 135 135
278 200000 | 154 276 126 126
273 200000 | 137 273 136 136
240 200000 | 109 239 132 132
262 200000 | 133 261 130 130
275 200000 | 123 274 153 153
268 200000 | 131 267 138 138
281 200000 | 147 278 137 137
261 200000 | 135 259 128 128
267 200000 | 134 265 135 135
259 200000 | 135 257 126 126
265 200000 | 142 260 128 128
299 200000 | 125 299 174 174
282 200000 | 136 281 147 147
257 200000 | 123 257 134 134
285 200000 | 151 284 135 135
272 200000 | 133 270 141 141
293 200000 | 155 292 139 139
277 200000 | 141 275 138 138
286 200000 | 129 286 157 157
277 200000 | 145 276 133 133
269 200000 | 129 268 141 141
278 200000 | 150 278 128 128
296 200000 | 159 296 137 137
278 200000 | 138 276 142 142
253 200000 | 136 253 117 117
271 200000 | 135 271 136 136
284 200000 | 128 283 157 157
263 200000 | 124 261 141 141
281 200000 | 143 280 139 139
249 200000 | 126 249 123 123
284 200000 | 139 280 149 149
290 200000 | 164 288 128 128
289 200000 | 146 288 144 144
262 200000 | 116 261 147 147
269 200000 | 131 267 140 140
267 200000 | 131 267 136 136
281 200000 | 143 280 139 139
283 200000 | 134 283 149 149
285 200000 | 153 283 134 134
260 200000 | 138 260 122 122
267 200000 | 130 262 142 142
251 200000 | 127 249 126 126
281 200000 | 136 279 147 147
245 200000 | 123 241 126 126
270 200000 | 145 267 128 128
266 200000 | 136 261 135 135
278 200000 | 150 277 129 129
253 200000 | 123 253 130 130
250 200000 | 142 249 109 109
265 200000 | 125 262 143 143
252 200000 | 119 251 134 134
282 200000 | 148 280 136 136
243 200000 | 122 241 123 123
261 200000 | 142 260 120 120
228 200000 | 113 228 115 115
290 200000 | 143 290 147 147
256 200000 | 145 256 111 111
277 200000 | 146 275 133 133
256 200000 | 118 254 140 140
285 200000 | 157 283 130 130
257 200000 | 129 256 129 129
274 200000 | 139 274 135 135
290 200000 | 148 287 145 145
246 200000 | 116 246 130 130
268 200000 | 141 266 129 129
259 200000 | 137 257 124 124
289 200000 | 151 287 140 140
276 200000 | 151 274 127 127
285 200000 | 145 284 141 141
244 200000 | 127 241 120 120
262 200000 | 138 262 124 124
268 200000 | 119 268 149 149
284 200000 | 133 280 155 155
258 200000 | 128 254 134 134
267 200000 | 147 267 120 120
256 200000 | 135 256 121 121
262 200000 | 126 260 138 138
292 200000 | 140 291 153 153
250 200000 | 128 249 123 123
260 200000 | 108 258 154 154
240 200000 | 116 238 126 126
253 200000 | 136 251 119 119
252 200000 | 118 251 135 135
291 200000 | 151 291 140 140
268 200000 | 134 267 135 135
271 200000 | 127 271 144 144
284 200000 | 130 282 156 156
295 200000 | 154 294 142 142
254 200000 | 128 253 127 127
281 200000 | 148 281 133 133
284 200000 | 149 283 136 136
274 200000 | 138 271 139 139
264 200000 | 131 264 133 133
271 200000 | 139 269 134 134
258 200000 | 134 254 128 128
250 200000 | 125 249 126 126
302 200000 | 146 302 156 156
248 200000 | 126 246 124 124
261 200000 | 128 260 134 134
257 200000 | 135 256 123 123
267 200000 | 124 265 145 145
275 200000 | 141 272 137 137
229 200000 | 117 228 113 113
236 200000 | 118 235 119 119
312 200000 | 148 310 166 166
243 200000 | 121 242 123 123
245 200000 | 134 242 114 114
277 200000 | 134 275 145 145
247 200000 | 134 245 115 115
258 200000 | 132 255 129 129
258 200000 | 137 256 123 123
272 200000 | 139 271 134 134
267 200000 | 141 266 127 127
275 200000 | 138 274 138 138
239 200000 | 118 236 124 124
280 200000 | 141 279 140 140
258 200000 | 118 254 144 144
275 200000 | 145 275 130 130
267 200000 | 122 264 148 148
242 200000 | 125 240 119 119
275 200000 | 140 274 136 136
257 200000 | 125 254 135 135
273 200000 | 142 269 135 135
269 200000 | 134 267 137 137
268 200000 | 133 267 136 136
262 200000 | 149 262 113 113
286 200000 | 145 284 143 143
228 200000 | 98 228 130 130
283 200000 | 143 280 143 143
271 200000 | 138 270 134 134
281 200000 | 143 279 140 140
261 200000 | 133 259 130 130
268 200000 | 133 268 135 135
286 200000 | 147 284 141 141
265 200000 | 132 265 133 133
269 200000 | 125 267 146 146
298 200000 | 153 296 147 147
260 200000 | 147 257 116 116
277 200000 | 141 274 139 139
262 200000 | 130 259 135 135
258 200000 | 110 256 150 150
256 200000 | 133 253 126 126
266 200000 | 131 264 137 137
271 200000 | 135 267 140 140
