105 200000 | 104 35 71 71
116 200000 | 115 44 73 73
119 200000 | 118 42 78 78
113 200000 | 113 30 83 83
110 200000 | 110 33 77 77
111 200000 | 110 42 70 70
126 200000 | 125 59 68 68
122 200000 | 120 50 74 74
133 200000 | 132 54 80 80
119 200000 | 119 52 67 67
116 200000 | 115 55 62 62
124 200000 | 124 49 75 75
127 200000 | 126 45 83 83
125 200000 | 123 58 69 69
123 200000 | 118 49 79 79
114 200000 | 114 47 67 67
111 200000 | 108 36 78 78
123 200000 | 122 40 84 84
93 200000 | 92 29 65 65
112 200000 | 111 36 77 77
116 200000 | 111 50 71 71
127 200000 | 125 52 77 77
133 200000 | 131 48 87 87
145 200000 | 144 56 90 90
124 200000 | 123 42 83 83
117 200000 | 116 41 77 77
127 200000 | 126 49 79 79
137 200000 | 136 39 99 99
137 200000 | 133 49 92 92
118 200000 | 117 52 67 67
113 200000 | 112 40 74 74
130 200000 | 128 47 85 85
118 200000 | 116 45 75 75
109 200000 | 107 43 68 68
120 200000 | 120 39 81 81
118 200000 | 118 38 80 80
117 200000 | 117 55 62 62
113 200000 | 112 46 68 68
110 200000 | 110 37 73 73
136 200000 | 135 46 91 91
131 200000 | 129 48 85 85
122 200000 | 122 41 81 81
114 200000 | 112 41 75 75
127 200000 | 127 49 78 78
99 200000 | 98 33 67 67
127 200000 | 126 47 81 81
122 200000 | 121 42 81 81
123 200000 | 123 58 65 65
132 200000 | 131 47 86 86
106 200000 | 104 47 61 61
113 200000 | 112 45 69 69
116 200000 | 115 41 76 76
108 200000 | 106 38 72 72
114 200000 | 113 48 67 67
129 200000 | 127 47 84 84
114 200000 | 113 37 78 78
107 200000 | 106 41 67 67
122 200000 | 120 42 82 82
109 200000 | 108 44 66 66
121 200000 | 121 44 77 77
118 200000 | 118 41 77 77
99 200000 | 97 42 59 59
125 200000 | 122 53 75 75
116 200000 | 116 44 72 72
125 200000 | 123 41 86 86
110 200000 | 107 41 72 72
119 200000 | 118 52 68 68
120 200000 | 120 43 77 77
108 200000 | 107 41 68 68
98 200000 | 97 41 58 58
112 200000 | 110 40 74 74
143 200000 | 142 55 89 89
107 200000 | 107 34 73 73
116 200000 | 116 47 69 69
106 200000 | 106 38 68 68
130 200000 | 129 45 86 86
112 200000 | 110 41 73 73
127 200000 | 125 52 77 77
116 200000 | 116 36 80 80
81 200000 | 80 34 48 48
117 200000 | 115 46 73 73
132 200000 | 132 46 86 86
134 200000 | 132 53 83 83
102 200000 | 99 50 55 55
126 200000 | 125 48 79 79
120 200000 | 118 47 75 75
122 200000 | 119 51 74 74
109 200000 | 108 38 72 72
122 200000 | 122 50 72 72
111 200000 | 110 35 77 77
106 200000 | 103 41 68 68
110 200000 | 110 44 66 66
113 200000 | 112 45 69 69
131 200000 | 131 56 75 75
116 200000 | 116 47 69 69
123 200000 | 120 50 76 76
116 200000 | 115 46 71 71
122 200000 | 120 52 72 72
124 200000 | 123 55 70 70
121 200000 | 119 47 76 76
131 200000 | 129 58 75 75
118 200000 | 118 49 69 69
120 200000 | 119 50 71 71
120 200000 | 118 49 73 73
125 200000 | 121 57 72 72
105 200000 | 104 45 61 61
101 200000 | 100 37 65 65
116 200000 | 115 37 80 80
139 200000 | 138 51 89 89
129 200000 | 126 60 72 72
127 200000 | 126 47 81 81
137 200000 | 135 62 77 77
103 200000 | 103 42 61 61
116 200000 | 116 47 69 69
133 200000 | 132 49 85 85
114 200000 | 113 41 74 74
115 200000 | 114 48 68 68
113 200000 | 112 48 66 66
126 200000 | 124 46 82 82
111 200000 | 111 47 64 64
113 200000 | 112 36 78 78
111 200000 | 110 42 70 70
119 200000 | 117 44 77 77
118 200000 | 117 37 82 82
123 200000 | 122 51 73 73
118 200000 | 118 38 80 80
117 200000 | 113 51 70 70
109 200000 | 109 43 66 66
129 200000 | 125 47 86 86
118 200000 | 118 50 68 68
120 200000 | 119 47 74 74
121 200000 | 120 49 73 73
116 200000 | 114 42 76 76
122 200000 | 121 53 70 70
126 200000 | 125 54 73 73
133 200000 | 130 48 88 88
133 200000 | 130 43 93 93
117 200000 | 116 45 73 73
111 200000 | 110 44 68 68
93 200000 | 91 37 58 58
106 200000 | 104 45 63 63
141 200000 | 138 50 94 94
125 200000 | 125 50 75 75
104 200000 | 103 46 59 59
121 200000 | 121 48 73 73
120 200000 | 119 47 74 74
114 200000 | 112 41 75 75
125 200000 | 124 38 88 88
106 200000 | 104 46 62 62
123 200000 | 122 52 72 72
112 200000 | 112 42 70 70
130 200000 | 128 51 81 81
123 200000 | 122 45 79 79
141 200000 | 141 67 74 74
116 200000 | 115 39 78 78
110 200000 | 110 43 67 67
110 200000 | 109 44 67 67
124 200000 | 120 49 79 79
137 200000 | 137 45 92 92
102 200000 | 101 39 64 64
112 200000 | 110 43 71 71
137 200000 | 135 52 87 87
132 200000 | 132 57 75 75
123 200000 | 123 51 72 72
141 200000 | 139 57 86 86
113 200000 | 111 47 68 68
99 200000 | 96 39 63 63
123 200000 | 122 41 83 83
138 200000 | 138 42 96 96
128 200000 | 126 43 87 87
118 200000 | 116 53 67 67
113 200000 | 113 41 72 72
126 200000 | 123 45 84 84
105 200000 | 104 38 68 68
102 200000 | 100 41 63 63
121 200000 | 117 51 74 74
99 200000 | 96 35 67 67
125 200000 | 123 47 80 80
139 200000 | 139 56 83 83
121 200000 | 121 50 71 71
117 200000 | 117 41 76 76
112 200000 | 111 48 65 65
123 200000 | 121 56 69 69
115 200000 | 114 47 69 69
115 200000 | 114 47 69 69
117 200000 | 116 46 72 72
114 200000 | 113 46 69 69
132 200000 | 132 52 80 80
122 200000 | 121 40 83 83
126 200000 | 123 50 79 79
102 200000 | 101 36 67 67
104 200000 | 103 43 62 62
146 200000 | 146 55 91 91
123 200000 | 122 54 70 70
121 200000 | 119 48 75 75
120 200000 | 119 47 74 74
122 200000 | 121 45 78 78
120 200000 | 119 41 80 80
117 200000 | 116 38 80 80
107 200000 | 105 38 71 71
138 200000 | 136 57 83 83
124 200000 | 123 53 72 72
119 200000 | 117 51 70 70
119 200000 | 119 44 75 75
120 200000 | 116 45 79 79
123 200000 | 123 37 86 86
127 200000 | 127 42 85 85
114 200000 | 114 53 61 61
119 200000 | 118 42 78 78
129 200000 | 129 47 82 82
113 200000 | 110 45 71 71
129 200000 | 125 59 74 74
122 200000 | 122 47 75 75
133 200000 | 130 49 87 87
105 200000 | 104 38 68 68
108 200000 | 106 47 63 63
110 200000 | 109 47 64 64
113 200000 | 113 46 67 67
114 200000 | 114 45 69 69
111 200000 | 110 50 62 62
113 200000 | 112 43 71 71
126 200000 | 125 47 80 80
117 200000 | 113 57 64 64
