537 200000 | 263 404 407 407
534 200000 | 253 408 407 407
511 200000 | 259 373 390 390
515 200000 | 282 379 369 369
534 200000 | 275 399 394 394
526 200000 | 256 398 398 398
512 200000 | 262 383 379 379
528 200000 | 271 377 408 408
474 200000 | 250 347 351 351
514 200000 | 283 372 373 373
557 200000 | 271 420 423 423
558 200000 | 271 409 436 436
532 200000 | 265 400 399 399
478 200000 | 238 372 346 346
522 200000 | 253 391 400 400
538 200000 | 257 414 405 405
515 200000 | 263 369 398 398
515 200000 | 241 394 395 395
494 200000 | 261 366 361 361
556 200000 | 265 418 429 429
525 200000 | 276 391 383 383
526 200000 | 259 388 405 405
509 200000 | 244 379 395 395
556 200000 | 269 420 423 423
519 200000 | 271 384 383 383
531 200000 | 272 380 410 410
499 200000 | 256 364 378 378
517 200000 | 265 383 386 386
559 200000 | 285 404 429 429
526 200000 | 272 398 382 382
484 200000 | 249 362 357 357
522 200000 | 244 391 409 409
493 200000 | 240 377 369 369
508 200000 | 260 389 367 367
506 200000 | 248 395 369 369
531 200000 | 262 391 409 409
466 200000 | 233 347 352 352
531 200000 | 272 385 405 405
541 200000 | 273 412 397 397
513 200000 | 250 400 376 376
521 200000 | 259 398 385 385
526 200000 | 250 389 413 413
511 200000 | 262 394 366 366
506 200000 | 256 379 377 377
532 200000 | 269 388 407 407
561 200000 | 284 424 414 414
540 200000 | 260 409 411 411
513 200000 | 256 401 369 369
484 200000 | 257 343 368 368
527 200000 | 273 380 401 401
509 200000 | 248 402 368 368
535 200000 | 260 419 391 391
499 200000 | 265 351 382 382
556 200000 | 269 419 424 424
498 200000 | 250 376 370 370
535 200000 | 266 399 405 405
488 200000 | 236 364 376 376
505 200000 | 235 384 391 391
542 200000 | 256 419 409 409
528 200000 | 270 392 394 394
539 200000 | 260 411 407 407
529 200000 | 268 387 403 403
515 200000 | 257 389 384 384
503 200000 | 270 368 368 368
529 200000 | 279 394 385 385
520 200000 | 267 391 382 382
512 200000 | 245 387 392 392
486 200000 | 264 354 354 354
498 200000 | 243 374 379 379
490 200000 | 228 373 379 379
491 200000 | 238 379 365 365
505 200000 | 260 374 376 376
520 200000 | 256 391 393 393
548 200000 | 279 406 411 411
498 200000 | 241 378 377 377
511 200000 | 255 391 376 376
514 200000 | 273 367 388 388
493 200000 | 234 364 388 388
518 200000 | 255 404 377 377
495 200000 | 257 356 377 377
544 200000 | 286 399 403 403
531 200000 | 250 399 413 413
488 200000 | 249 362 365 365
519 200000 | 260 390 388 388
507 200000 | 275 359 380 380
476 200000 | 231 372 349 349
535 200000 | 268 397 405 405
539 200000 | 290 396 392 392
510 200000 | 268 371 381 381
510 200000 | 250 394 376 376
486 200000 | 242 357 373 373
532 200000 | 261 389 414 414
499 200000 | 251 366 381 381
517 200000 | 252 397 385 385
494 200000 | 253 362 373 373
535 200000 | 260 400 410 410
472 200000 | 227 349 368 368
