0 200000 | 0 0 0 0
0 200000 | 0 0 0 0
0 200000 | 0 0 0 0
1 200000 | 0 1 1 1
1 200000 | 0 1 1 1
0 200000 | 0 0 0 0
0 200000 | 0 0 0 0
0 200000 | 0 0 0 0
0 200000 | 0 0 0 0
0 200000 | 0 0 0 0
0 200000 | 0 0 0 0
0 200000 | 0 0 0 0
0 200000 | 0 0 0 0
0 200000 | 0 0 0 0
1 200000 | 0 1 1 1
0 200000 | 0 0 0 0
0 200000 | 0 0 0 0
0 164000 | 0 0 0 0
0 164000 | 0 0 0 0
0 164000 | 0 0 0 0
0 164000 | 0 0 0 0
0 164000 | 0 0 0 0
0 160210 | 0 0 0 0
0 160210 | 0 0 0 0
0 160210 | 0 0 0 0
0 160210 | 0 0 0 0
0 200000 | 0 0 0 0
0 200000 | 0 0 0 0
0 200000 | 0 0 0 0
0 200000 | 0 0 0 0
0 200000 | 0 0 0 0
0 200000 | 0 0 0 0
0 200000 | 0 0 0 0
0 200000 | 0 0 0 0
0 200000 | 0 0 0 0
0 200000 | 0 0 0 0
0 200000 | 0 0 0 0
0 200000 | 0 0 0 0
0 200000 | 0 0 0 0
0 200000 | 0 0 0 0
0 200000 | 0 0 0 0
0 200000 | 0 0 0 0
0 200000 | 0 0 0 0
