871 200000 | 462 568 712 712
893 200000 | 427 619 740 740
890 200000 | 442 601 737 737
934 200000 | 490 634 744 744
895 200000 | 462 583 745 745
945 200000 | 450 645 795 795
903 200000 | 451 615 740 740
908 200000 | 443 632 741 741
837 200000 | 422 566 686 686
959 200000 | 490 635 793 793
953 200000 | 464 645 797 797
942 200000 | 455 652 777 777
950 200000 | 497 623 780 780
896 200000 | 473 594 725 725
966 200000 | 516 630 786 786
959 200000 | 460 667 791 791
907 200000 | 438 630 746 746
936 200000 | 494 612 766 766
939 200000 | 462 633 783 783
921 200000 | 469 607 766 766
927 200000 | 467 631 756 756
941 200000 | 474 631 777 777
863 200000 | 435 579 712 712
878 200000 | 480 583 693 693
943 200000 | 498 615 773 773
914 200000 | 472 614 742 742
914 200000 | 477 593 758 758
958 200000 | 501 629 786 786
883 200000 | 456 592 718 718
904 200000 | 473 591 744 744
889 200000 | 464 584 730 730
899 200000 | 458 615 725 725
903 200000 | 466 585 755 755
897 200000 | 429 629 736 736
993 200000 | 479 672 835 835
925 200000 | 459 617 774 774
906 200000 | 474 603 735 735
889 200000 | 441 581 756 756
934 200000 | 489 637 742 742
921 200000 | 480 604 758 758
925 200000 | 466 624 760 760
924 200000 | 456 636 756 756
969 200000 | 498 646 794 794
958 200000 | 483 638 795 795
886 200000 | 447 592 733 733
869 200000 | 408 614 716 716
931 200000 | 457 638 767 767
905 200000 | 446 627 737 737
872 200000 | 434 586 724 724
922 200000 | 468 619 757 757
922 200000 | 475 590 779 779
900 200000 | 448 577 775 775
895 200000 | 438 591 761 761
903 200000 | 458 605 743 743
885 200000 | 444 600 726 726
