1746 200000 | 1646 904 942 942
1695 200000 | 1555 926 909 909
1712 200000 | 1580 911 933 933
1755 200000 | 1615 911 984 984
1709 200000 | 1581 895 942 942
1737 200000 | 1611 931 932 932
1693 200000 | 1575 916 895 895
1728 200000 | 1586 979 891 891
1742 200000 | 1601 941 942 942
1756 200000 | 1616 927 969 969
1728 200000 | 1579 933 944 944
1728 200000 | 1614 884 958 958
1749 200000 | 1611 955 932 932
1735 200000 | 1607 931 932 932
1700 200000 | 1574 920 906 906
1694 200000 | 1576 922 890 890
1751 200000 | 1614 922 966 966
1756 200000 | 1618 942 952 952
1741 200000 | 1621 886 975 975
1785 200000 | 1644 947 979 979
1788 200000 | 1660 962 954 954
1777 200000 | 1647 981 926 926
1735 200000 | 1625 869 976 976
1580 200000 | 1455 851 854 854
1745 200000 | 1625 883 982 982
1743 200000 | 1600 901 985 985
1754 200000 | 1625 930 953 953
1696 200000 | 1575 904 913 913
1683 200000 | 1552 891 923 923
