530 200000 | 411 385 264 264
522 200000 | 386 405 253 253
531 200000 | 386 389 287 287
540 200000 | 385 433 262 262
534 200000 | 407 386 275 275
520 200000 | 398 388 254 254
559 200000 | 421 421 276 276
516 200000 | 379 398 255 255
516 200000 | 385 385 262 262
540 200000 | 397 423 260 260
555 200000 | 409 418 283 283
554 200000 | 403 404 301 301
554 200000 | 422 403 283 283
548 200000 | 409 409 278 278
480 200000 | 346 352 262 262
536 200000 | 397 382 293 293
557 200000 | 410 425 279 279
539 200000 | 383 436 259 259
525 200000 | 391 398 261 261
545 200000 | 418 415 257 257
567 200000 | 449 425 260 260
512 200000 | 387 387 250 250
531 200000 | 401 401 260 260
544 200000 | 413 406 269 269
558 200000 | 412 428 276 276
526 200000 | 401 392 259 259
508 200000 | 375 379 262 262
547 200000 | 405 410 279 279
567 200000 | 410 420 304 304
531 200000 | 422 401 239 239
536 200000 | 403 415 254 254
541 200000 | 415 397 270 270
531 200000 | 399 397 266 266
542 200000 | 398 409 277 277
539 200000 | 381 421 276 276
564 200000 | 424 417 287 287
560 200000 | 424 405 291 291
508 200000 | 380 384 252 252
493 200000 | 361 362 263 263
543 200000 | 399 404 283 283
560 200000 | 417 434 269 269
531 200000 | 396 402 264 264
532 200000 | 404 408 252 252
514 200000 | 383 379 266 266
562 200000 | 417 432 275 275
523 200000 | 380 394 272 272
557 200000 | 400 420 294 294
568 200000 | 416 409 311 311
556 200000 | 410 419 283 283
545 200000 | 408 409 273 273
524 200000 | 406 391 251 251
484 200000 | 345 380 243 243
526 200000 | 383 407 262 262
512 200000 | 386 402 236 236
509 200000 | 375 368 275 275
509 200000 | 375 388 255 255
535 200000 | 386 407 277 277
570 200000 | 433 426 281 281
554 200000 | 391 426 291 291
544 200000 | 418 394 276 276
524 200000 | 393 405 250 250
541 200000 | 395 408 279 279
558 200000 | 412 443 261 261
547 200000 | 414 411 269 269
484 200000 | 358 363 247 247
551 200000 | 429 406 267 267
593 200000 | 449 432 305 305
543 200000 | 405 421 260 260
562 200000 | 422 426 276 276
537 200000 | 388 405 281 281
564 200000 | 423 414 291 291
598 200000 | 432 425 339 339
548 200000 | 419 404 273 273
530 200000 | 399 389 272 272
546 200000 | 402 424 266 266
507 200000 | 366 367 281 281
538 200000 | 395 427 254 254
565 200000 | 460 414 256 256
542 200000 | 401 409 274 274
539 200000 | 405 414 259 259
525 200000 | 395 396 259 259
547 200000 | 393 408 293 293
517 200000 | 371 388 275 275
557 200000 | 421 424 269 269
504 200000 | 368 376 264 264
515 200000 | 371 393 266 266
515 200000 | 386 415 229 229
559 200000 | 414 422 282 282
546 200000 | 403 409 280 280
538 200000 | 388 410 278 278
542 200000 | 400 406 278 278
548 200000 | 397 421 278 278
564 200000 | 410 426 292 292
