437 200000 | 228 412 234 234
398 200000 | 203 371 222 222
415 200000 | 203 395 232 232
420 200000 | 212 387 241 241
399 200000 | 194 377 227 227
410 200000 | 226 382 212 212
419 200000 | 224 397 217 217
391 200000 | 224 362 196 196
399 200000 | 204 372 222 222
399 200000 | 191 383 224 224
440 200000 | 226 410 244 244
426 200000 | 219 399 234 234
384 200000 | 201 363 204 204
397 200000 | 200 367 227 227
463 200000 | 251 428 247 247
434 200000 | 227 407 234 234
413 200000 | 200 383 243 243
433 200000 | 197 405 264 264
443 200000 | 223 412 251 251
389 200000 | 197 364 217 217
396 200000 | 224 372 196 196
395 200000 | 192 372 226 226
405 200000 | 207 375 228 228
428 200000 | 210 401 245 245
445 200000 | 246 419 225 225
440 200000 | 225 412 243 243
428 200000 | 228 403 225 225
438 200000 | 214 414 248 248
422 200000 | 211 396 237 237
426 200000 | 226 394 232 232
407 200000 | 195 379 240 240
432 200000 | 222 401 241 241
412 200000 | 211 379 234 234
400 200000 | 225 365 210 210
406 200000 | 210 379 223 223
368 200000 | 181 351 204 204
383 200000 | 195 358 213 213
377 200000 | 195 348 211 211
444 200000 | 230 418 240 240
422 200000 | 222 399 223 223
388 200000 | 208 357 211 211
400 200000 | 204 371 225 225
389 200000 | 199 366 213 213
376 200000 | 200 357 195 195
410 200000 | 222 383 215 215
417 200000 | 224 388 222 222
415 200000 | 244 384 202 202
436 200000 | 219 400 253 253
