1215 200000 | 919 1113 398 398
1175 200000 | 902 1074 374 374
1211 200000 | 924 1108 390 390
1177 200000 | 886 1072 396 396
1229 200000 | 956 1109 393 393
1199 200000 | 936 1085 377 377
1175 200000 | 884 1052 414 414
1203 200000 | 914 1095 397 397
1214 200000 | 927 1099 402 402
1168 200000 | 856 1068 412 412
1208 200000 | 893 1124 399 399
1137 200000 | 873 1027 374 374
1195 200000 | 889 1093 408 408
1177 200000 | 896 1073 385 385
1161 200000 | 889 1070 363 363
1228 200000 | 918 1125 413 413
1239 200000 | 944 1130 404 404
1229 200000 | 947 1111 400 400
1145 200000 | 857 1041 392 392
1172 200000 | 884 1071 389 389
1233 200000 | 960 1123 383 383
1262 200000 | 957 1159 408 408
1201 200000 | 907 1089 406 406
1171 200000 | 887 1082 373 373
1231 200000 | 951 1125 386 386
1153 200000 | 870 1048 388 388
1198 200000 | 901 1085 410 410
1149 200000 | 878 1053 367 367
1228 200000 | 932 1123 401 401
1191 200000 | 894 1077 411 411
1237 200000 | 925 1103 446 446
1128 200000 | 845 1030 381 381
1153 200000 | 872 1064 370 370
1101 200000 | 823 1017 362 362
1175 200000 | 897 1087 366 366
1220 200000 | 933 1113 394 394
1174 200000 | 894 1061 393 393
1275 200000 | 983 1149 418 418
1135 200000 | 844 1052 374 374
1124 200000 | 854 1025 369 369
1175 200000 | 874 1069 407 407
1169 200000 | 916 1061 361 361
1211 200000 | 910 1114 398 398
