872 200000 | 301 867 576 576
911 200000 | 314 902 606 606
873 200000 | 314 865 567 567
964 200000 | 334 954 640 640
965 200000 | 335 955 640 640
926 200000 | 319 918 615 615
941 200000 | 303 932 647 647
984 200000 | 356 977 635 635
905 200000 | 330 897 583 583
904 200000 | 285 888 635 635
934 200000 | 321 923 624 624
910 200000 | 311 903 606 606
932 200000 | 327 922 615 615
872 200000 | 290 859 595 595
924 200000 | 307 914 627 627
974 200000 | 346 961 641 641
919 200000 | 329 908 601 601
967 200000 | 341 955 638 638
881 200000 | 312 864 586 586
943 200000 | 336 937 613 613
875 200000 | 318 869 563 563
928 200000 | 291 920 645 645
904 200000 | 308 891 609 609
907 200000 | 310 896 608 608
929 200000 | 328 923 607 607
977 200000 | 305 972 677 677
949 200000 | 313 942 643 643
905 200000 | 298 896 616 616
932 200000 | 326 916 622 622
897 200000 | 327 881 586 586
956 200000 | 321 949 642 642
897 200000 | 309 886 599 599
928 200000 | 315 922 619 619
885 200000 | 304 877 589 589
907 200000 | 317 899 598 598
872 200000 | 322 858 564 564
931 200000 | 327 921 614 614
927 200000 | 326 910 618 618
864 200000 | 295 855 578 578
900 200000 | 309 881 610 610
838 200000 | 299 828 549 549
965 200000 | 348 953 629 629
950 200000 | 349 947 604 604
959 200000 | 333 952 633 633
902 200000 | 329 888 587 587
949 200000 | 313 938 647 647
923 200000 | 326 910 610 610
865 200000 | 282 858 590 590
928 200000 | 319 920 617 617
927 200000 | 322 916 616 616
916 200000 | 324 904 604 604
898 200000 | 282 891 623 623
933 200000 | 318 926 622 622
938 200000 | 322 929 625 625
929 200000 | 309 918 631 631
