121 200000 | 121 68 53 53
123 200000 | 122 64 60 60
117 200000 | 117 62 55 55
108 200000 | 108 52 56 56
116 200000 | 115 65 52 52
117 200000 | 116 55 63 63
125 200000 | 125 62 63 63
125 200000 | 125 61 64 64
127 200000 | 126 58 70 70
128 200000 | 128 62 66 66
142 200000 | 142 68 74 74
118 200000 | 118 56 62 62
119 200000 | 117 53 68 68
125 200000 | 125 65 60 60
144 200000 | 143 78 67 67
129 200000 | 129 61 68 68
126 200000 | 126 63 63 63
121 200000 | 121 62 59 59
114 200000 | 113 51 64 64
140 200000 | 140 69 71 71
116 200000 | 115 68 49 49
108 200000 | 108 57 51 51
122 200000 | 122 60 62 62
128 200000 | 127 64 65 65
141 200000 | 141 73 68 68
150 200000 | 149 81 70 70
151 200000 | 151 76 75 75
119 200000 | 119 60 59 59
134 200000 | 131 68 69 69
123 200000 | 123 63 60 60
137 200000 | 135 71 68 68
122 200000 | 121 62 61 61
133 200000 | 132 66 68 68
116 200000 | 116 54 62 62
122 200000 | 122 56 66 66
136 200000 | 136 67 69 69
129 200000 | 129 62 67 67
125 200000 | 124 56 70 70
134 200000 | 133 65 70 70
128 200000 | 127 58 71 71
124 200000 | 123 63 62 62
124 200000 | 120 65 63 63
125 200000 | 125 66 59 59
145 200000 | 145 77 68 68
133 200000 | 133 68 65 65
143 200000 | 141 69 76 76
96 200000 | 95 55 42 42
118 200000 | 117 56 63 63
120 200000 | 119 57 64 64
121 200000 | 121 62 59 59
113 200000 | 112 56 58 58
123 200000 | 122 66 58 58
133 200000 | 132 65 69 69
117 200000 | 116 52 66 66
133 200000 | 133 67 66 66
126 200000 | 126 63 63 63
126 200000 | 126 67 59 59
122 200000 | 122 56 66 66
120 200000 | 120 63 57 57
119 200000 | 118 58 62 62
129 200000 | 128 68 62 62
127 200000 | 126 75 53 53
126 200000 | 126 59 67 67
129 200000 | 129 63 66 66
114 200000 | 114 54 60 60
127 200000 | 126 61 67 67
149 200000 | 148 79 71 71
107 200000 | 106 54 54 54
145 200000 | 145 73 72 72
115 200000 | 114 56 60 60
127 200000 | 126 67 61 61
126 200000 | 126 69 57 57
122 200000 | 121 57 66 66
111 200000 | 111 53 58 58
121 200000 | 121 55 66 66
124 200000 | 124 64 60 60
114 200000 | 114 50 64 64
135 200000 | 135 60 75 75
121 200000 | 121 65 56 56
106 200000 | 106 49 57 57
121 200000 | 121 65 56 56
136 200000 | 136 59 77 77
117 200000 | 115 71 48 48
122 200000 | 122 55 67 67
127 200000 | 127 59 68 68
107 200000 | 107 52 55 55
123 200000 | 122 64 60 60
115 200000 | 115 65 50 50
127 200000 | 127 66 61 61
122 200000 | 121 62 61 61
125 200000 | 124 58 68 68
124 200000 | 124 70 54 54
107 200000 | 106 52 56 56
131 200000 | 130 72 60 60
134 200000 | 134 79 55 55
122 200000 | 122 57 65 65
122 200000 | 122 61 61 61
137 200000 | 136 75 63 63
118 200000 | 117 50 69 69
126 200000 | 126 70 56 56
140 200000 | 139 56 85 85
114 200000 | 114 58 56 56
123 200000 | 122 52 72 72
110 200000 | 109 57 54 54
108 200000 | 108 59 49 49
124 200000 | 124 65 59 59
156 200000 | 156 87 69 69
122 200000 | 122 59 63 63
123 200000 | 123 57 66 66
132 200000 | 131 71 62 62
141 200000 | 140 67 75 75
139 200000 | 139 71 68 68
107 200000 | 107 58 49 49
131 200000 | 131 66 65 65
143 200000 | 142 68 76 76
139 200000 | 139 70 69 69
133 200000 | 133 74 59 59
133 200000 | 133 66 67 67
127 200000 | 126 76 52 52
115 200000 | 115 58 57 57
117 200000 | 117 54 63 63
125 200000 | 125 56 69 69
116 200000 | 115 53 64 64
121 200000 | 121 66 55 55
130 200000 | 130 70 60 60
140 200000 | 139 67 74 74
115 200000 | 112 65 53 53
115 200000 | 115 53 62 62
150 200000 | 150 80 70 70
124 200000 | 124 55 69 69
113 200000 | 113 50 63 63
124 200000 | 124 58 66 66
149 200000 | 149 77 72 72
138 200000 | 137 64 75 75
121 200000 | 121 53 68 68
127 200000 | 127 65 62 62
129 200000 | 129 65 64 64
135 200000 | 135 57 78 78
120 200000 | 120 59 61 61
112 200000 | 111 43 70 70
127 200000 | 126 66 62 62
125 200000 | 125 64 61 61
127 200000 | 127 61 66 66
123 200000 | 123 65 58 58
107 200000 | 107 67 40 40
135 200000 | 134 75 61 61
129 200000 | 128 72 58 58
135 200000 | 135 74 61 61
141 200000 | 141 66 75 75
115 200000 | 115 65 50 50
125 200000 | 125 60 65 65
121 200000 | 121 54 67 67
120 200000 | 119 49 72 72
135 200000 | 134 62 74 74
128 200000 | 128 75 53 53
121 200000 | 121 60 61 61
114 200000 | 114 59 55 55
116 200000 | 116 47 69 69
118 200000 | 117 49 70 70
148 200000 | 147 77 72 72
136 200000 | 134 70 68 68
129 200000 | 129 66 63 63
142 200000 | 142 71 71 71
130 200000 | 130 67 63 63
126 200000 | 125 65 62 62
125 200000 | 125 74 51 51
112 200000 | 112 59 53 53
128 200000 | 127 66 63 63
122 200000 | 122 66 56 56
133 200000 | 133 61 72 72
129 200000 | 129 47 82 82
140 200000 | 138 67 75 75
120 200000 | 119 57 64 64
134 200000 | 134 70 64 64
124 200000 | 123 54 71 71
117 200000 | 117 57 60 60
127 200000 | 127 71 56 56
110 200000 | 110 53 57 57
133 200000 | 133 67 66 66
124 200000 | 124 64 60 60
133 200000 | 132 63 71 71
133 200000 | 132 55 79 79
122 200000 | 121 63 60 60
133 200000 | 133 69 64 64
134 200000 | 133 67 68 68
142 200000 | 142 64 78 78
113 200000 | 112 55 59 59
139 200000 | 139 68 71 71
135 200000 | 134 68 68 68
122 200000 | 122 62 60 60
108 200000 | 107 56 53 53
132 200000 | 132 56 76 76
115 200000 | 114 59 57 57
125 200000 | 125 58 67 67
134 200000 | 132 72 64 64
122 200000 | 122 74 48 48
128 200000 | 127 52 77 77
119 200000 | 118 57 63 63
104 200000 | 104 51 53 53
126 200000 | 126 50 76 76
121 200000 | 121 67 54 54
164 200000 | 163 77 88 88
143 200000 | 143 76 67 67
117 200000 | 117 65 52 52
127 200000 | 127 54 73 73
126 200000 | 126 62 64 64
109 200000 | 109 56 53 53
125 200000 | 125 57 68 68
137 200000 | 137 75 62 62
132 200000 | 130 70 64 64
137 200000 | 135 67 72 72
128 200000 | 127 67 62 62
134 200000 | 134 77 57 57
142 200000 | 142 79 63 63
111 200000 | 110 59 53 53
122 200000 | 121 66 57 57
139 200000 | 138 61 79 79
119 200000 | 119 60 59 59
127 200000 | 127 61 66 66
137 200000 | 136 63 75 75
119 200000 | 119 52 67 67
107 200000 | 107 50 57 57
122 200000 | 121 56 67 67
141 200000 | 141 79 62 62
120 200000 | 120 60 60 60
152 200000 | 152 78 74 74
117 200000 | 116 65 53 53
128 200000 | 128 65 63 63
136 200000 | 136 60 76 76
116 200000 | 115 64 53 53
144 200000 | 144 65 79 79
128 200000 | 126 71 59 59
108 200000 | 108 55 53 53
113 200000 | 113 56 57 57
144 200000 | 144 68 76 76
136 200000 | 136 75 61 61
132 200000 | 131 67 66 66
159 200000 | 158 83 77 77
131 200000 | 131 74 57 57
146 200000 | 145 64 83 83
124 200000 | 124 64 60 60
119 200000 | 118 64 56 56
128 200000 | 127 64 65 65
124 200000 | 124 64 60 60
123 200000 | 123 67 56 56
123 200000 | 123 60 63 63
136 200000 | 135 59 78 78
119 200000 | 119 61 58 58
136 200000 | 136 74 62 62
106 200000 | 106 63 43 43
126 200000 | 126 68 58 58
144 200000 | 144 69 75 75
115 200000 | 114 57 59 59
130 200000 | 130 62 68 68
147 200000 | 147 80 67 67
125 200000 | 125 62 63 63
134 200000 | 134 77 57 57
127 200000 | 127 58 69 69
134 200000 | 133 64 71 71
115 200000 | 115 63 52 52
131 200000 | 131 60 71 71
125 200000 | 125 65 60 60
117 200000 | 115 53 66 66
121 200000 | 121 60 61 61
138 200000 | 138 64 74 74
138 200000 | 136 76 64 64
130 200000 | 129 70 61 61
131 200000 | 130 70 62 62
125 200000 | 125 64 61 61
100 200000 | 99 55 46 46
119 200000 | 119 62 57 57
144 200000 | 143 81 64 64
147 200000 | 146 76 72 72
108 200000 | 108 68 40 40
121 200000 | 121 51 70 70
134 200000 | 134 75 59 59
117 200000 | 117 62 55 55
118 200000 | 116 59 61 61
115 200000 | 115 45 70 70
123 200000 | 123 69 54 54
128 200000 | 128 68 60 60
122 200000 | 122 67 55 55
121 200000 | 120 62 60 60
107 200000 | 107 51 56 56
134 200000 | 134 72 62 62
125 200000 | 125 69 56 56
152 200000 | 152 75 77 77
142 200000 | 142 63 79 79
133 200000 | 133 82 51 51
134 200000 | 133 66 69 69
125 200000 | 124 56 70 70
134 200000 | 134 63 71 71
145 200000 | 144 80 66 66
131 200000 | 131 60 71 71
114 200000 | 114 65 49 49
138 200000 | 138 82 56 56
133 200000 | 133 70 63 63
138 200000 | 138 63 75 75
118 200000 | 118 59 59 59
143 200000 | 142 65 79 79
111 200000 | 110 58 54 54
124 200000 | 124 68 56 56
130 200000 | 130 62 68 68
133 200000 | 133 64 69 69
106 200000 | 104 53 55 55
135 200000 | 134 67 69 69
156 200000 | 156 78 78 78
131 200000 | 130 64 68 68
140 200000 | 140 61 79 79
123 200000 | 122 58 66 66
139 200000 | 139 71 68 68
123 200000 | 121 66 59 59
136 200000 | 133 75 64 64
130 200000 | 129 60 71 71
119 200000 | 119 53 66 66
115 200000 | 115 54 61 61
131 200000 | 131 76 55 55
132 200000 | 132 60 72 72
127 200000 | 127 69 58 58
128 200000 | 127 73 56 56
137 200000 | 137 69 68 68
107 200000 | 107 63 44 44
140 200000 | 140 70 70 70
113 200000 | 113 47 66 66
122 200000 | 122 65 57 57
114 200000 | 114 50 64 64
121 200000 | 120 62 60 60
128 200000 | 128 65 63 63
97 200000 | 97 49 48 48
141 200000 | 140 73 69 69
133 200000 | 133 74 59 59
141 200000 | 141 69 72 72
108 200000 | 108 56 52 52
139 200000 | 138 73 67 67
147 200000 | 147 72 75 75
126 200000 | 126 64 62 62
128 200000 | 127 63 66 66
151 200000 | 151 72 79 79
131 200000 | 130 62 70 70
118 200000 | 117 62 57 57
108 200000 | 108 51 57 57
116 200000 | 116 62 54 54
141 200000 | 140 70 72 72
125 200000 | 125 52 73 73
122 200000 | 121 72 51 51
140 200000 | 140 69 71 71
134 200000 | 133 67 68 68
144 200000 | 143 80 65 65
132 200000 | 132 57 75 75
133 200000 | 133 69 64 64
131 200000 | 131 68 63 63
132 200000 | 130 65 69 69
122 200000 | 122 53 69 69
123 200000 | 123 56 67 67
128 200000 | 128 55 73 73
152 200000 | 152 74 78 78
120 200000 | 119 62 59 59
135 200000 | 135 76 59 59
131 200000 | 131 77 54 54
122 200000 | 121 63 60 60
122 200000 | 121 54 69 69
114 200000 | 114 59 55 55
127 200000 | 127 55 72 72
145 200000 | 145 75 70 70
114 200000 | 114 48 66 66
113 200000 | 113 57 56 56
118 200000 | 118 60 58 58
126 200000 | 125 69 58 58
132 200000 | 132 67 65 65
129 200000 | 129 63 66 66
125 200000 | 125 67 58 58
120 200000 | 120 55 65 65
143 200000 | 142 66 78 78
142 200000 | 142 69 73 73
130 200000 | 128 73 59 59
136 200000 | 135 67 70 70
133 200000 | 132 67 67 67
132 200000 | 131 62 71 71
121 200000 | 121 58 63 63
120 200000 | 119 52 69 69
143 200000 | 143 71 72 72
122 200000 | 122 58 64 64
134 200000 | 134 82 52 52
132 200000 | 132 57 75 75
127 200000 | 127 69 58 58
120 200000 | 119 63 58 58
135 200000 | 135 72 63 63
123 200000 | 123 61 62 62
124 200000 | 122 69 57 57
122 200000 | 121 56 67 67
126 200000 | 125 66 61 61
125 200000 | 125 66 59 59
107 200000 | 107 63 44 44
139 200000 | 138 79 61 61
