518 200000 | 506 511 19 19
523 200000 | 516 509 21 21
553 200000 | 540 545 21 21
494 200000 | 485 482 21 21
473 200000 | 463 466 17 17
499 200000 | 486 492 20 20
497 200000 | 489 488 17 17
510 200000 | 493 499 28 28
484 200000 | 474 473 21 21
490 200000 | 479 479 22 22
501 200000 | 496 490 16 16
514 200000 | 509 504 15 15
514 200000 | 508 502 18 18
494 200000 | 486 488 14 14
465 200000 | 455 454 21 21
511 200000 | 500 495 27 27
467 200000 | 452 459 23 23
464 200000 | 449 454 25 25
517 200000 | 502 510 22 22
511 200000 | 506 496 20 20
512 200000 | 499 501 24 24
492 200000 | 484 484 16 16
507 200000 | 501 499 14 14
525 200000 | 509 517 24 24
555 200000 | 542 548 20 20
518 200000 | 504 507 25 25
516 200000 | 507 506 19 19
466 200000 | 452 456 24 24
489 200000 | 478 481 19 19
522 200000 | 511 505 28 28
429 200000 | 425 419 14 14
502 200000 | 489 490 25 25
468 200000 | 460 459 17 17
490 200000 | 474 478 28 28
546 200000 | 540 532 20 20
465 200000 | 455 460 15 15
483 200000 | 471 470 25 25
507 200000 | 493 503 18 18
490 200000 | 486 480 14 14
503 200000 | 490 495 21 21
550 200000 | 538 535 27 27
502 200000 | 482 489 33 33
503 200000 | 493 490 23 23
508 200000 | 498 499 19 19
497 200000 | 483 487 24 24
506 200000 | 499 489 24 24
530 200000 | 516 519 25 25
558 200000 | 550 543 23 23
485 200000 | 478 473 19 19
508 200000 | 498 495 23 23
475 200000 | 466 466 18 18
520 200000 | 509 513 18 18
484 200000 | 477 474 17 17
474 200000 | 461 463 24 24
519 200000 | 503 510 25 25
492 200000 | 487 481 16 16
504 200000 | 495 491 22 22
475 200000 | 468 467 15 15
487 200000 | 478 479 17 17
508 200000 | 497 499 20 20
535 200000 | 526 524 20 20
529 200000 | 520 514 24 24
488 200000 | 480 479 17 17
483 200000 | 473 476 17 17
492 200000 | 480 478 26 26
497 200000 | 488 486 20 20
506 200000 | 499 498 15 15
476 200000 | 463 468 21 21
491 200000 | 481 480 21 21
535 200000 | 525 523 22 22
537 200000 | 524 530 20 20
491 200000 | 478 483 21 21
466 200000 | 457 459 16 16
522 200000 | 512 505 27 27
511 200000 | 498 500 24 24
501 200000 | 493 492 17 17
479 200000 | 470 474 14 14
507 200000 | 500 499 15 15
471 200000 | 461 464 17 17
496 200000 | 483 485 24 24
505 200000 | 498 497 15 15
496 200000 | 487 487 18 18
505 200000 | 495 491 24 24
519 200000 | 507 510 21 21
484 200000 | 478 477 13 13
520 200000 | 504 510 26 26
496 200000 | 487 488 17 17
492 200000 | 482 478 24 24
475 200000 | 460 467 23 23
508 200000 | 499 500 17 17
463 200000 | 450 452 24 24
505 200000 | 493 496 21 21
486 200000 | 478 479 15 15
479 200000 | 472 468 18 18
505 200000 | 500 495 15 15
528 200000 | 514 512 30 30
525 200000 | 511 518 21 21
511 200000 | 501 498 23 23
489 200000 | 479 479 20 20
487 200000 | 473 479 22 22
