248 200000 | 130 186 180 180
292 200000 | 152 219 213 213
255 200000 | 128 184 198 198
255 200000 | 126 198 186 186
267 200000 | 129 195 210 210
266 200000 | 142 201 189 189
239 200000 | 116 183 179 179
272 200000 | 132 215 197 197
257 200000 | 125 198 191 191
257 200000 | 116 192 206 206
252 200000 | 118 200 186 186
242 200000 | 122 179 183 183
260 200000 | 120 199 201 201
255 200000 | 119 194 197 197
243 200000 | 115 188 183 183
250 200000 | 136 170 194 194
231 200000 | 117 174 171 171
246 200000 | 123 182 187 187
251 200000 | 128 190 184 184
244 200000 | 123 192 173 173
283 200000 | 145 216 205 205
253 200000 | 129 191 186 186
249 200000 | 126 190 182 182
265 200000 | 155 184 191 191
258 200000 | 119 201 196 196
240 200000 | 116 179 185 185
256 200000 | 116 190 206 206
266 200000 | 136 197 199 199
272 200000 | 133 212 199 199
273 200000 | 125 210 211 211
264 200000 | 132 193 203 203
268 200000 | 136 197 203 203
243 200000 | 125 184 177 177
257 200000 | 131 194 189 189
249 200000 | 127 183 188 188
260 200000 | 125 204 191 191
244 200000 | 133 177 178 178
228 200000 | 105 182 169 169
253 200000 | 129 190 187 187
253 200000 | 145 174 187 187
242 200000 | 124 172 188 188
251 200000 | 119 198 185 185
268 200000 | 120 211 205 205
251 200000 | 133 193 176 176
254 200000 | 120 194 194 194
235 200000 | 130 179 161 161
250 200000 | 120 189 191 191
270 200000 | 138 208 194 194
234 200000 | 122 178 168 168
283 200000 | 154 203 209 209
249 200000 | 125 185 188 188
252 200000 | 134 186 184 184
259 200000 | 130 198 190 190
267 200000 | 126 200 208 208
256 200000 | 130 196 186 186
221 200000 | 113 160 169 169
243 200000 | 116 183 187 187
260 200000 | 134 185 201 201
256 200000 | 112 189 211 211
262 200000 | 123 206 195 195
257 200000 | 135 187 192 192
248 200000 | 122 186 188 188
280 200000 | 141 206 213 213
233 200000 | 108 180 178 178
256 200000 | 126 195 191 191
254 200000 | 125 195 188 188
274 200000 | 129 204 215 215
262 200000 | 120 204 200 200
259 200000 | 122 195 201 201
244 200000 | 112 189 187 187
262 200000 | 134 199 191 191
245 200000 | 134 180 176 176
248 200000 | 120 196 180 180
245 200000 | 119 180 191 191
234 200000 | 114 177 177 177
245 200000 | 128 184 178 178
238 200000 | 123 172 181 181
232 200000 | 118 177 169 169
249 200000 | 128 183 187 187
224 200000 | 105 175 168 168
233 200000 | 133 165 168 168
272 200000 | 137 205 202 202
243 200000 | 122 180 184 184
238 200000 | 110 187 179 179
247 200000 | 115 194 185 185
260 200000 | 132 185 203 203
246 200000 | 115 191 186 186
249 200000 | 118 194 186 186
256 200000 | 115 197 200 200
238 200000 | 128 164 184 184
270 200000 | 135 199 206 206
270 200000 | 134 197 209 209
245 200000 | 119 189 182 182
273 200000 | 133 203 210 210
243 200000 | 109 191 186 186
264 200000 | 136 192 200 200
263 200000 | 125 202 199 199
246 200000 | 125 187 180 180
245 200000 | 130 176 184 184
272 200000 | 137 205 202 202
257 200000 | 133 190 191 191
259 200000 | 135 193 190 190
247 200000 | 121 185 188 188
283 200000 | 142 205 219 219
248 200000 | 141 183 172 172
256 200000 | 139 187 186 186
286 200000 | 158 204 210 210
259 200000 | 137 192 189 189
240 200000 | 127 172 181 181
277 200000 | 136 212 206 206
231 200000 | 111 178 173 173
261 200000 | 144 198 180 180
259 200000 | 128 190 200 200
242 200000 | 122 187 175 175
277 200000 | 133 213 208 208
246 200000 | 120 184 188 188
245 200000 | 125 183 182 182
260 200000 | 129 192 199 199
274 200000 | 141 202 205 205
249 200000 | 125 180 193 193
250 200000 | 127 180 193 193
279 200000 | 148 203 207 207
267 200000 | 154 192 188 188
231 200000 | 119 180 163 163
275 200000 | 135 218 197 197
299 200000 | 149 224 225 225
245 200000 | 112 188 190 190
239 200000 | 121 179 178 178
248 200000 | 139 181 176 176
244 200000 | 121 189 178 178
263 200000 | 140 192 194 194
263 200000 | 124 198 204 204
267 200000 | 142 189 203 203
272 200000 | 135 218 191 191
281 200000 | 146 211 205 205
215 200000 | 118 154 158 158
246 200000 | 112 192 188 188
256 200000 | 129 192 191 191
267 200000 | 128 203 203 203
259 200000 | 129 205 184 184
269 200000 | 123 219 196 196
256 200000 | 127 189 196 196
272 200000 | 137 211 196 196
280 200000 | 137 209 214 214
229 200000 | 128 170 160 160
278 200000 | 138 208 210 210
263 200000 | 124 206 196 196
258 200000 | 125 205 186 186
268 200000 | 134 199 203 203
251 200000 | 121 197 184 184
251 200000 | 129 181 192 192
238 200000 | 126 162 188 188
238 200000 | 123 180 173 173
236 200000 | 114 173 185 185
247 200000 | 126 181 187 187
257 200000 | 128 198 188 188
241 200000 | 126 182 174 174
243 200000 | 114 201 171 171
240 200000 | 124 175 181 181
248 200000 | 127 187 182 182
271 200000 | 156 191 195 195
256 200000 | 136 185 191 191
244 200000 | 134 181 173 173
295 200000 | 151 229 210 210
249 200000 | 132 179 187 187
264 200000 | 127 200 201 201
288 200000 | 148 219 209 209
225 200000 | 93 183 174 174
257 200000 | 128 193 193 193
233 200000 | 110 181 175 175
288 200000 | 138 211 227 227
248 200000 | 133 183 180 180
216 200000 | 108 167 157 157
229 200000 | 120 180 158 158
257 200000 | 127 185 202 202
253 200000 | 119 182 205 205
266 200000 | 135 196 201 201
272 200000 | 132 206 206 206
270 200000 | 128 210 202 202
251 200000 | 133 185 184 184
272 200000 | 135 211 198 198
268 200000 | 140 191 205 205
254 200000 | 123 184 201 201
260 200000 | 127 206 187 187
234 200000 | 113 182 173 173
271 200000 | 143 195 204 204
246 200000 | 123 192 177 177
269 200000 | 143 190 205 205
249 200000 | 120 188 190 190
276 200000 | 145 199 208 208
267 200000 | 132 203 199 199
271 200000 | 124 208 210 210
285 200000 | 130 221 219 219
265 200000 | 128 197 205 205
291 200000 | 135 213 234 234
266 200000 | 126 203 203 203
