564 200000 | 219 551 358 358
521 200000 | 249 510 283 283
553 200000 | 229 543 334 334
555 200000 | 226 547 337 337
519 200000 | 215 510 313 313
548 200000 | 223 539 334 334
533 200000 | 224 521 321 321
529 200000 | 225 518 315 315
559 200000 | 238 548 332 332
568 200000 | 215 560 361 361
558 200000 | 240 548 328 328
578 200000 | 226 568 362 362
580 200000 | 259 564 337 337
535 200000 | 229 520 321 321
533 200000 | 200 527 339 339
548 200000 | 235 537 324 324
603 200000 | 253 592 361 361
502 200000 | 203 492 309 309
553 200000 | 233 543 330 330
537 200000 | 223 523 328 328
572 200000 | 242 562 340 340
525 200000 | 233 515 302 302
553 200000 | 215 548 343 343
544 200000 | 222 534 332 332
542 200000 | 209 533 342 342
570 200000 | 219 561 360 360
530 200000 | 228 521 311 311
583 200000 | 237 571 358 358
601 200000 | 234 593 375 375
513 200000 | 209 503 314 314
570 200000 | 224 562 354 354
554 200000 | 221 544 343 343
525 200000 | 235 513 302 302
529 200000 | 216 522 320 320
505 200000 | 215 497 298 298
548 200000 | 235 541 320 320
578 200000 | 250 570 336 336
587 200000 | 265 574 335 335
577 200000 | 235 566 353 353
604 200000 | 252 596 360 360
578 200000 | 228 564 364 364
593 200000 | 248 583 355 355
584 200000 | 243 576 349 349
598 200000 | 257 589 350 350
547 200000 | 226 534 334 334
557 200000 | 236 543 335 335
527 200000 | 226 516 312 312
566 200000 | 253 555 324 324
570 200000 | 228 563 349 349
572 200000 | 219 566 359 359
538 200000 | 238 528 310 310
517 200000 | 228 504 302 302
535 200000 | 210 525 335 335
565 200000 | 221 555 354 354
550 200000 | 228 542 330 330
559 200000 | 236 550 332 332
582 200000 | 238 571 355 355
556 200000 | 236 543 333 333
547 200000 | 226 535 333 333
568 200000 | 235 555 346 346
550 200000 | 232 535 333 333
588 200000 | 231 579 366 366
522 200000 | 206 514 324 324
553 200000 | 213 543 350 350
552 200000 | 225 543 336 336
576 200000 | 228 567 357 357
539 200000 | 231 523 324 324
592 200000 | 258 581 345 345
546 200000 | 246 538 308 308
551 200000 | 241 537 324 324
517 200000 | 235 504 295 295
595 200000 | 259 587 344 344
530 200000 | 188 524 348 348
557 200000 | 210 549 355 355
625 200000 | 237 615 398 398
570 200000 | 236 562 342 342
542 200000 | 222 534 328 328
574 200000 | 245 562 341 341
549 200000 | 237 540 321 321
560 200000 | 245 549 326 326
598 200000 | 256 589 351 351
