587 200000 | 284 436 454 454
573 200000 | 294 395 457 457
576 200000 | 294 384 474 474
567 200000 | 270 412 452 452
624 200000 | 310 439 499 499
603 200000 | 294 428 484 484
580 200000 | 293 419 448 448
542 200000 | 264 392 428 428
617 200000 | 309 419 506 506
576 200000 | 299 401 452 452
571 200000 | 280 414 448 448
576 200000 | 295 385 472 472
565 200000 | 296 400 434 434
569 200000 | 284 406 448 448
538 200000 | 268 369 439 439
596 200000 | 289 421 482 482
574 200000 | 284 430 434 434
583 200000 | 273 418 475 475
597 200000 | 298 419 477 477
566 200000 | 295 397 440 440
560 200000 | 267 391 462 462
553 200000 | 259 386 461 461
585 200000 | 282 407 481 481
584 200000 | 298 406 464 464
604 200000 | 290 436 482 482
604 200000 | 302 422 484 484
554 200000 | 266 393 449 449
613 200000 | 305 416 505 505
532 200000 | 248 395 421 421
573 200000 | 301 400 445 445
605 200000 | 286 421 503 503
586 200000 | 293 410 469 469
561 200000 | 265 406 451 451
566 200000 | 270 412 450 450
589 200000 | 281 420 477 477
594 200000 | 287 410 491 491
605 200000 | 300 430 480 480
604 200000 | 303 410 495 495
536 200000 | 268 381 423 423
554 200000 | 260 399 449 449
579 200000 | 283 408 467 467
597 200000 | 288 430 476 476
624 200000 | 305 436 507 507
590 200000 | 290 415 475 475
605 200000 | 291 414 505 505
575 200000 | 273 420 457 457
614 200000 | 311 431 486 486
571 200000 | 300 392 450 450
591 200000 | 285 425 472 472
524 200000 | 265 359 424 424
601 200000 | 294 424 484 484
625 200000 | 305 452 493 493
602 200000 | 292 446 466 466
603 200000 | 302 432 472 472
593 200000 | 311 399 476 476
614 200000 | 298 426 504 504
604 200000 | 306 422 480 480
566 200000 | 287 412 433 433
579 200000 | 298 402 458 458
560 200000 | 271 415 434 434
579 200000 | 291 415 452 452
592 200000 | 293 409 482 482
594 200000 | 312 405 471 471
559 200000 | 280 396 442 442
570 200000 | 275 405 460 460
579 200000 | 278 409 471 471
583 200000 | 275 427 464 464
582 200000 | 283 412 469 469
559 200000 | 290 391 437 437
579 200000 | 308 386 464 464
591 200000 | 297 415 470 470
586 200000 | 289 413 470 470
569 200000 | 305 379 454 454
609 200000 | 281 448 489 489
595 200000 | 307 427 456 456
595 200000 | 317 403 470 470
614 200000 | 303 426 499 499
