5 176262 | 5 1 4 4
0 176262 | 0 0 0 0
3 176262 | 3 0 3 3
2 176262 | 2 2 0 0
2 176262 | 2 0 2 2
1 200000 | 1 0 1 1
3 200000 | 3 1 2 2
2 200000 | 2 1 1 1
6 200000 | 6 2 4 4
2 200000 | 2 0 2 2
2 200000 | 2 1 1 1
2 200000 | 2 0 2 2
1 200000 | 1 0 1 1
4 200000 | 4 0 4 4
1 200000 | 1 0 1 1
1 200000 | 1 0 1 1
3 200000 | 3 0 3 3
5 200000 | 5 1 4 4
2 200000 | 2 1 1 1
2 200000 | 2 0 2 2
1 200000 | 1 1 0 0
4 200000 | 4 1 3 3
3 200000 | 3 0 3 3
7 200000 | 7 0 7 7
3 200000 | 3 0 3 3
5 200000 | 5 2 3 3
3 200000 | 3 0 3 3
2 200000 | 2 0 2 2
6 200000 | 6 1 5 5
4 200000 | 4 0 4 4
4 200000 | 4 0 4 4
5 200000 | 5 0 5 5
6 200000 | 6 0 6 6
3 200000 | 3 0 3 3
7 200000 | 7 1 6 6
1 200000 | 1 1 0 0
3 200000 | 3 0 3 3
1 200000 | 1 1 0 0
4 200000 | 4 0 4 4
2 200000 | 2 0 2 2
1 200000 | 1 1 0 0
1 200000 | 1 0 1 1
1 200000 | 1 1 0 0
3 200000 | 3 0 3 3
2 200000 | 1 1 2 2
1 200000 | 1 0 1 1
7 200000 | 7 1 6 6
5 200000 | 5 0 5 5
3 200000 | 3 1 2 2
1 200000 | 1 0 1 1
2 200000 | 2 0 2 2
5 200000 | 5 0 5 5
1 200000 | 1 0 1 1
3 200000 | 3 0 3 3
4 200000 | 4 0 4 4
3 200000 | 3 0 3 3
0 200000 | 0 0 0 0
5 200000 | 5 2 3 3
4 200000 | 4 0 4 4
7 200000 | 7 2 5 5
2 200000 | 2 0 2 2
2 200000 | 2 0 2 2
7 200000 | 7 0 7 7
4 200000 | 4 1 3 3
2 200000 | 2 0 2 2
