757 200000 | 412 503 599 599
768 200000 | 406 527 603 603
743 200000 | 404 492 590 590
808 200000 | 436 535 645 645
788 200000 | 415 519 642 642
750 200000 | 409 503 588 588
741 200000 | 390 493 599 599
784 200000 | 438 506 624 624
777 200000 | 413 526 615 615
759 200000 | 431 486 601 601
766 200000 | 400 529 603 603
766 200000 | 435 491 606 606
780 200000 | 417 521 622 622
763 200000 | 412 505 609 609
738 200000 | 405 475 596 596
768 200000 | 441 507 588 588
791 200000 | 426 528 628 628
763 200000 | 410 511 605 605
746 200000 | 413 486 593 593
765 200000 | 423 506 601 601
715 200000 | 376 486 568 568
781 200000 | 423 516 623 623
744 200000 | 401 489 598 598
787 200000 | 436 509 629 629
726 200000 | 400 489 563 563
778 200000 | 411 527 618 618
788 200000 | 417 522 637 637
753 200000 | 424 476 606 606
737 200000 | 385 498 591 591
738 200000 | 382 508 586 586
804 200000 | 414 567 627 627
800 200000 | 431 545 624 624
761 200000 | 404 530 588 588
714 200000 | 387 468 573 573
790 200000 | 411 552 617 617
754 200000 | 419 509 580 580
752 200000 | 394 506 604 604
767 200000 | 416 517 601 601
818 200000 | 448 532 656 656
765 200000 | 414 499 617 617
754 200000 | 387 505 616 616
765 200000 | 424 507 599 599
768 200000 | 421 525 590 590
725 200000 | 399 491 560 560
751 200000 | 403 494 605 605
784 200000 | 439 503 626 626
757 200000 | 425 511 578 578
761 200000 | 417 502 603 603
752 200000 | 428 496 580 580
752 200000 | 412 500 592 592
741 200000 | 428 476 578 578
768 200000 | 422 496 618 618
782 200000 | 414 534 616 616
763 200000 | 407 514 605 605
793 200000 | 435 507 644 644
777 200000 | 422 520 612 612
758 200000 | 429 515 572 572
755 200000 | 407 502 601 601
765 200000 | 406 505 619 619
786 200000 | 432 524 616 616
763 200000 | 433 513 580 580
780 200000 | 406 519 635 635
713 200000 | 373 500 553 553
736 200000 | 410 483 579 579
777 200000 | 412 527 615 615
794 200000 | 415 532 641 641
