145 144751 | 142 29 119 119
157 144751 | 156 22 136 136
135 144751 | 130 20 120 120
146 144751 | 142 33 117 117
145 144751 | 140 18 132 132
218 200000 | 208 50 178 178
181 200000 | 179 27 156 156
199 200000 | 195 34 169 169
198 200000 | 191 33 172 172
203 200000 | 200 30 176 176
202 200000 | 194 36 174 174
214 200000 | 211 35 182 182
209 200000 | 203 46 169 169
212 200000 | 209 43 172 172
206 200000 | 202 30 180 180
180 200000 | 175 36 149 149
201 200000 | 196 38 168 168
190 200000 | 185 38 157 157
200 200000 | 194 39 167 167
200 200000 | 194 39 167 167
194 200000 | 192 33 163 163
191 200000 | 189 28 165 165
188 200000 | 183 27 166 166
187 200000 | 178 43 153 153
207 200000 | 204 35 175 175
191 200000 | 184 42 156 156
196 200000 | 191 39 162 162
198 200000 | 191 34 171 171
176 200000 | 172 30 150 150
216 200000 | 212 53 167 167
213 200000 | 204 41 181 181
196 200000 | 189 50 153 153
213 200000 | 208 34 184 184
194 200000 | 187 47 154 154
188 200000 | 183 34 159 159
166 200000 | 165 31 136 136
192 200000 | 186 34 164 164
197 200000 | 192 33 169 169
199 200000 | 195 35 168 168
195 200000 | 187 36 167 167
188 200000 | 179 30 167 167
223 200000 | 216 50 180 180
191 200000 | 188 30 164 164
165 200000 | 161 30 139 139
181 200000 | 176 35 151 151
191 200000 | 186 40 156 156
180 200000 | 176 34 150 150
198 200000 | 190 34 172 172
216 200000 | 211 39 182 182
199 200000 | 193 38 167 167
202 200000 | 200 36 168 168
208 200000 | 203 33 180 180
217 200000 | 210 43 181 181
194 200000 | 191 37 160 160
187 200000 | 182 38 154 154
