380 200000 | 202 247 311 311
370 200000 | 187 246 307 307
391 200000 | 200 260 322 322
377 200000 | 183 250 321 321
360 200000 | 171 250 299 299
374 200000 | 191 245 312 312
387 200000 | 194 255 325 325
369 200000 | 185 246 307 307
337 200000 | 175 208 291 291
355 200000 | 180 242 288 288
374 200000 | 182 248 318 318
363 200000 | 186 243 297 297
359 200000 | 169 244 305 305
386 200000 | 206 248 318 318
341 200000 | 177 213 292 292
331 200000 | 176 220 266 266
361 200000 | 197 229 296 296
340 200000 | 167 227 286 286
379 200000 | 197 243 318 318
353 200000 | 187 226 293 293
362 200000 | 183 242 299 299
328 200000 | 159 225 272 272
374 200000 | 199 233 316 316
367 200000 | 191 241 302 302
331 200000 | 158 231 273 273
363 200000 | 183 241 302 302
368 200000 | 186 240 310 310
365 200000 | 176 246 308 308
374 200000 | 188 247 313 313
345 200000 | 165 233 292 292
393 200000 | 191 271 324 324
349 200000 | 182 232 284 284
383 200000 | 189 262 315 315
358 200000 | 190 239 287 287
322 200000 | 160 214 270 270
371 200000 | 189 251 302 302
373 200000 | 193 250 303 303
354 200000 | 189 220 299 299
352 200000 | 183 236 285 285
335 200000 | 163 229 278 278
363 200000 | 185 236 305 305
357 200000 | 170 251 293 293
340 200000 | 185 211 284 284
366 200000 | 186 239 307 307
352 200000 | 201 235 268 268
374 200000 | 198 241 309 309
353 200000 | 187 232 287 287
366 200000 | 188 242 302 302
345 200000 | 177 229 284 284
400 200000 | 202 257 341 341
332 200000 | 172 217 275 275
363 200000 | 188 237 301 301
343 200000 | 159 235 292 292
368 200000 | 174 249 313 313
356 200000 | 175 245 292 292
331 200000 | 172 212 278 278
348 200000 | 158 242 296 296
364 200000 | 198 236 294 294
349 200000 | 183 215 300 300
345 200000 | 161 234 295 295
340 200000 | 171 235 274 274
364 200000 | 198 228 302 302
366 200000 | 178 252 302 302
375 200000 | 179 259 312 312
370 200000 | 208 243 289 289
384 200000 | 180 267 321 321
368 200000 | 195 242 299 299
361 200000 | 184 242 296 296
362 200000 | 177 251 296 296
358 200000 | 178 234 304 304
344 200000 | 172 232 284 284
338 200000 | 184 220 272 272
348 200000 | 167 229 300 300
352 200000 | 188 222 294 294
372 200000 | 182 253 309 309
357 200000 | 181 231 302 302
381 200000 | 177 255 330 330
333 200000 | 181 216 269 269
389 200000 | 185 267 326 326
374 200000 | 189 242 317 317
373 200000 | 184 250 312 312
384 200000 | 209 239 320 320
391 200000 | 182 283 317 317
387 200000 | 181 254 339 339
345 200000 | 176 218 296 296
373 200000 | 181 253 312 312
387 200000 | 199 249 326 326
373 200000 | 189 245 312 312
353 200000 | 183 223 300 300
382 200000 | 167 277 320 320
364 200000 | 185 239 304 304
353 200000 | 165 243 298 298
335 200000 | 158 231 281 281
337 200000 | 161 229 284 284
340 200000 | 174 230 276 276
353 200000 | 181 225 300 300
348 200000 | 167 238 291 291
346 200000 | 178 226 288 288
337 200000 | 180 217 277 277
346 200000 | 175 228 289 289
324 200000 | 162 206 280 280
351 200000 | 183 232 287 287
335 200000 | 157 230 283 283
367 200000 | 175 261 298 298
332 200000 | 160 236 268 268
349 200000 | 166 235 297 297
384 200000 | 214 238 316 316
374 200000 | 176 251 321 321
347 200000 | 177 226 291 291
319 200000 | 160 218 260 260
337 200000 | 146 238 290 290
374 200000 | 203 234 311 311
344 200000 | 182 216 290 290
353 200000 | 189 228 289 289
386 200000 | 190 261 321 321
370 200000 | 195 246 299 299
419 200000 | 210 279 349 349
392 200000 | 192 263 329 329
341 200000 | 173 229 280 280
391 200000 | 187 269 326 326
381 200000 | 207 242 313 313
355 200000 | 178 230 302 302
367 200000 | 209 213 312 312
322 200000 | 181 214 249 249
337 200000 | 155 230 289 289
404 200000 | 204 261 343 343
351 200000 | 176 240 286 286
382 200000 | 202 255 307 307
338 200000 | 179 222 275 275
361 200000 | 196 228 298 298
360 200000 | 187 236 297 297
354 200000 | 180 221 307 307
361 200000 | 169 253 300 300
345 200000 | 169 223 298 298
364 200000 | 189 237 302 302
371 200000 | 180 250 312 312
345 200000 | 172 232 286 286
334 200000 | 173 211 284 284
367 200000 | 196 233 305 305
