726 200000 | 545 384 523 523
679 200000 | 497 349 512 512
662 200000 | 484 333 507 507
663 200000 | 510 323 493 493
745 200000 | 544 401 545 545
710 200000 | 523 378 519 519
682 200000 | 511 367 486 486
735 200000 | 529 389 552 552
650 200000 | 480 345 475 475
667 200000 | 512 349 473 473
686 200000 | 498 363 511 511
685 200000 | 508 343 519 519
716 200000 | 546 332 554 554
712 200000 | 534 355 535 535
660 200000 | 498 335 487 487
660 200000 | 494 317 509 509
722 200000 | 550 355 539 539
690 200000 | 521 337 522 522
662 200000 | 488 334 502 502
661 200000 | 496 334 492 492
646 200000 | 472 342 478 478
724 200000 | 549 370 529 529
698 200000 | 526 358 512 512
681 200000 | 508 336 518 518
705 200000 | 526 353 531 531
721 200000 | 542 378 522 522
689 200000 | 510 350 518 518
724 200000 | 545 369 534 534
678 200000 | 502 337 517 517
740 200000 | 537 382 561 561
739 200000 | 566 350 562 562
669 200000 | 499 342 497 497
674 200000 | 498 335 515 515
713 200000 | 517 366 543 543
677 200000 | 507 339 508 508
699 200000 | 511 351 536 536
711 200000 | 517 354 551 551
724 200000 | 535 372 541 541
692 200000 | 499 372 513 513
698 200000 | 500 352 544 544
681 200000 | 500 350 512 512
685 200000 | 486 372 512 512
728 200000 | 537 362 557 557
716 200000 | 543 367 522 522
716 200000 | 543 358 531 531
733 200000 | 552 369 545 545
709 200000 | 511 380 527 527
722 200000 | 539 372 533 533
723 200000 | 534 371 541 541
677 200000 | 498 358 498 498
663 200000 | 481 353 492 492
691 200000 | 519 357 506 506
736 200000 | 564 363 545 545
734 200000 | 540 387 541 541
719 200000 | 525 365 548 548
689 200000 | 520 349 509 509
704 200000 | 521 359 528 528
637 200000 | 470 318 486 486
711 200000 | 520 358 544 544
678 200000 | 527 327 502 502
682 200000 | 511 336 517 517
743 200000 | 565 363 558 558
689 200000 | 523 336 519 519
738 200000 | 558 390 528 528
692 200000 | 511 351 522 522
678 200000 | 495 351 510 510
746 200000 | 550 382 560 560
724 200000 | 546 366 536 536
685 200000 | 519 346 505 505
681 200000 | 499 350 513 513
717 200000 | 523 376 535 535
674 200000 | 502 340 506 506
