777 200000 | 258 773 523 523
764 200000 | 257 755 516 516
772 200000 | 277 763 504 504
735 200000 | 232 727 511 511
719 200000 | 259 709 470 470
773 200000 | 262 769 515 515
757 200000 | 274 753 487 487
737 200000 | 230 728 516 516
732 200000 | 255 726 483 483
713 200000 | 245 708 473 473
799 200000 | 265 796 537 537
733 200000 | 254 730 482 482
722 200000 | 245 715 484 484
691 200000 | 237 686 459 459
774 200000 | 267 767 514 514
764 200000 | 275 757 496 496
758 200000 | 270 750 496 496
711 200000 | 233 708 481 481
733 200000 | 238 727 501 501
726 200000 | 253 719 480 480
746 200000 | 263 736 493 493
732 200000 | 236 723 505 505
732 200000 | 274 724 466 466
742 200000 | 246 735 503 503
708 200000 | 228 702 486 486
755 200000 | 239 746 525 525
759 200000 | 244 752 522 522
714 200000 | 250 710 468 468
718 200000 | 233 712 491 491
754 200000 | 252 747 509 509
697 200000 | 234 689 471 471
733 200000 | 246 728 492 492
775 200000 | 279 766 505 505
751 200000 | 244 747 511 511
772 200000 | 254 767 523 523
731 200000 | 247 729 486 486
728 200000 | 239 726 491 491
712 200000 | 241 705 478 478
739 200000 | 243 734 501 501
716 200000 | 260 707 465 465
704 200000 | 238 701 469 469
711 200000 | 241 709 472 472
731 200000 | 251 726 485 485
764 200000 | 265 755 508 508
734 200000 | 264 732 472 472
770 200000 | 256 759 525 525
732 200000 | 263 723 478 478
701 200000 | 244 697 461 461
720 200000 | 242 720 478 478
755 200000 | 257 750 503 503
733 200000 | 266 727 473 473
769 200000 | 269 762 507 507
763 200000 | 272 759 495 495
791 200000 | 272 784 526 526
681 200000 | 238 674 450 450
702 200000 | 247 700 457 457
755 200000 | 265 745 500 500
746 200000 | 255 737 500 500
728 200000 | 258 722 476 476
702 200000 | 253 694 457 457
718 200000 | 245 709 482 482
680 200000 | 233 674 453 453
753 200000 | 284 750 472 472
746 200000 | 274 737 481 481
751 200000 | 251 743 508 508
719 200000 | 249 713 476 476
728 200000 | 242 720 494 494
778 200000 | 275 770 511 511
