1203 200000 | 869 828 709 709
1098 200000 | 782 755 659 659
1214 200000 | 829 857 742 742
1125 200000 | 768 777 705 705
1187 200000 | 842 815 717 717
1226 200000 | 860 839 753 753
1168 200000 | 803 827 706 706
1212 200000 | 862 848 714 714
1187 200000 | 817 842 715 715
1206 200000 | 848 838 726 726
1139 200000 | 795 800 683 683
1187 200000 | 842 804 728 728
1196 200000 | 821 831 740 740
1172 200000 | 818 815 711 711
1170 200000 | 822 839 679 679
1135 200000 | 814 782 674 674
1192 200000 | 834 816 734 734
1161 200000 | 821 814 687 687
1179 200000 | 811 829 718 718
1169 200000 | 800 835 703 703
1162 200000 | 809 795 720 720
1171 200000 | 798 836 708 708
1163 200000 | 847 813 666 666
1097 200000 | 774 756 664 664
1141 200000 | 823 804 655 655
1128 200000 | 797 771 688 688
1154 200000 | 815 800 693 693
1220 200000 | 858 828 754 754
1178 200000 | 828 801 727 727
1213 200000 | 838 868 720 720
1142 200000 | 812 794 678 678
1157 200000 | 836 801 677 677
745 125480 | 500 537 453 453
754 125480 | 533 519 456 456
731 125480 | 511 516 435 435
743 125480 | 544 492 450 450
754 125480 | 525 521 462 462
741 125480 | 500 526 456 456
720 125480 | 511 511 418 418
731 125480 | 511 525 426 426
757 125480 | 515 525 474 474
727 125480 | 502 521 431 431
729 125480 | 496 539 423 423
776 125480 | 539 537 476 476
698 125480 | 478 491 427 427
712 125480 | 518 524 382 382
713 125480 | 499 499 428 428
716 125480 | 529 469 434 434
725 125480 | 498 510 442 442
779 125480 | 529 542 487 487
