1448 200000 | 554 1415 927 927
1460 200000 | 586 1426 908 908
1384 200000 | 576 1353 839 839
1410 200000 | 536 1386 898 898
1429 200000 | 550 1400 908 908
1441 200000 | 540 1410 932 932
1414 200000 | 560 1385 883 883
1399 200000 | 556 1374 868 868
1322 200000 | 503 1288 853 853
1442 200000 | 537 1418 929 929
1400 200000 | 556 1369 875 875
1445 200000 | 561 1423 906 906
1443 200000 | 569 1414 903 903
1417 200000 | 594 1389 851 851
1408 200000 | 537 1378 901 901
1435 200000 | 605 1416 849 849
1473 200000 | 583 1447 916 916
1454 200000 | 572 1416 920 920
1392 200000 | 543 1361 880 880
1435 200000 | 567 1403 900 900
1392 200000 | 547 1362 875 875
1406 200000 | 548 1374 890 890
1458 200000 | 578 1434 904 904
1436 200000 | 575 1409 888 888
1397 200000 | 549 1382 863 863
1356 200000 | 549 1326 837 837
1406 200000 | 538 1366 908 908
1390 200000 | 538 1358 884 884
1414 200000 | 535 1387 906 906
1397 200000 | 524 1367 903 903
1442 200000 | 529 1419 936 936
1385 200000 | 556 1354 860 860
1422 200000 | 580 1398 866 866
1443 200000 | 606 1418 862 862
1421 200000 | 563 1390 889 889
1376 200000 | 579 1340 833 833
