0 200000 | 0 0 0 0
0 200000 | 0 0 0 0
1 200000 | 1 0 1 1
0 200000 | 0 0 0 0
0 200000 | 0 0 0 0
0 200000 | 0 0 0 0
0 200000 | 0 0 0 0
0 200000 | 0 0 0 0
1 200000 | 1 0 1 1
0 200000 | 0 0 0 0
3 200000 | 3 0 3 3
0 200000 | 0 0 0 0
0 200000 | 0 0 0 0
1 200000 | 1 0 1 1
1 200000 | 1 0 1 1
1 200000 | 1 0 1 1
0 200000 | 0 0 0 0
0 200000 | 0 0 0 0
0 200000 | 0 0 0 0
1 200000 | 1 0 1 1
1 200000 | 1 0 1 1
0 200000 | 0 0 0 0
0 200000 | 0 0 0 0
0 200000 | 0 0 0 0
0 200000 | 0 0 0 0
0 200000 | 0 0 0 0
0 200000 | 0 0 0 0
0 200000 | 0 0 0 0
1 200000 | 1 0 1 1
1 200000 | 1 0 1 1
