24 200000 | 13 24 11 11
21 200000 | 10 21 11 11
22 200000 | 12 21 11 11
25 200000 | 12 25 13 13
32 200000 | 16 32 16 16
23 200000 | 17 22 7 7
19 200000 | 13 18 7 7
18 200000 | 10 18 8 8
26 200000 | 13 26 13 13
14 200000 | 6 14 8 8
27 200000 | 17 25 12 12
15 200000 | 8 15 7 7
26 200000 | 16 26 10 10
17 200000 | 10 17 7 7
31 200000 | 17 31 14 14
22 200000 | 12 21 11 11
22 200000 | 14 22 8 8
26 200000 | 19 25 8 8
20 200000 | 8 20 12 12
24 200000 | 15 24 9 9
30 200000 | 18 30 12 12
23 200000 | 16 23 7 7
19 200000 | 10 19 9 9
15 200000 | 7 14 9 9
22 200000 | 18 21 5 5
17 200000 | 8 17 9 9
18 200000 | 10 17 9 9
26 200000 | 13 24 15 15
26 200000 | 17 26 9 9
25 200000 | 17 24 9 9
12 200000 | 11 12 1 1
23 200000 | 15 23 8 8
23 200000 | 13 21 12 12
16 200000 | 11 15 6 6
21 200000 | 12 21 9 9
20 200000 | 10 18 12 12
22 200000 | 13 22 9 9
24 200000 | 9 24 15 15
19 200000 | 10 19 9 9
22 200000 | 12 22 10 10
30 200000 | 21 30 9 9
23 200000 | 15 22 9 9
22 200000 | 13 22 9 9
27 200000 | 16 26 12 12
22 200000 | 11 21 12 12
22 200000 | 14 21 9 9
21 200000 | 10 20 12 12
23 200000 | 9 23 14 14
33 200000 | 25 32 9 9
16 200000 | 5 16 11 11
29 200000 | 18 29 11 11
21 200000 | 16 20 6 6
43 300000 | 29 37 20 20
42 300000 | 26 42 16 16
29 300000 | 22 27 9 9
43 300000 | 27 42 17 17
33 300000 | 25 33 8 8
47 300000 | 24 47 23 23
41 300000 | 21 39 22 22
39 300000 | 24 38 16 16
42 300000 | 24 41 19 19
37 300000 | 30 35 9 9
36 300000 | 25 35 12 12
37 300000 | 23 37 14 14
35 300000 | 25 35 10 10
36 300000 | 22 34 16 16
35 300000 | 17 35 18 18
27 300000 | 13 27 14 14
40 300000 | 21 38 21 21
36 300000 | 20 36 16 16
31 300000 | 15 30 17 17
32 300000 | 11 30 23 23
19 300000 | 9 19 10 10
31 300000 | 15 31 16 16
39 300000 | 22 38 18 18
37 300000 | 23 37 14 14
35 300000 | 19 35 16 16
37 300000 | 19 36 19 19
28 300000 | 16 27 13 13
32 300000 | 16 32 16 16
43 300000 | 23 42 21 21
40 300000 | 31 37 12 12
31 300000 | 22 31 9 9
40 300000 | 24 40 16 16
27 300000 | 15 27 12 12
45 300000 | 28 44 18 18
35 300000 | 21 33 16 16
34 300000 | 19 34 15 15
19 300000 | 11 19 8 8
26 300000 | 19 25 8 8
33 300000 | 17 33 16 16
31 300000 | 17 30 15 15
27 300000 | 15 27 12 12
28 300000 | 17 27 12 12
27 300000 | 22 26 6 6
34 300000 | 18 34 16 16
39 300000 | 21 39 18 18
37 300000 | 23 36 15 15
30 300000 | 17 29 14 14
33 300000 | 22 33 11 11
41 300000 | 24 41 17 17
34 300000 | 17 34 17 17
38 300000 | 18 38 20 20
31 300000 | 21 30 11 11
26 300000 | 14 26 12 12
42 300000 | 25 41 18 18
41 300000 | 23 39 20 20
37 300000 | 25 36 13 13
41 300000 | 30 38 14 14
49 300000 | 28 48 22 22
35 300000 | 20 34 16 16
28 300000 | 14 28 14 14
33 300000 | 21 32 13 13
37 300000 | 24 37 13 13
43 300000 | 28 42 16 16
40 300000 | 24 38 18 18
28 300000 | 16 28 12 12
48 300000 | 28 47 21 21
33 300000 | 19 32 15 15
39 300000 | 24 38 16 16
34 300000 | 20 33 15 15
24 300000 | 13 23 12 12
37 300000 | 24 37 13 13
45 300000 | 30 44 16 16
38 300000 | 25 37 14 14
37 300000 | 20 37 17 17
35 300000 | 20 35 15 15
31 300000 | 18 31 13 13
48 300000 | 30 46 20 20
44 300000 | 27 43 18 18
35 300000 | 15 34 21 21
36 300000 | 22 35 15 15
38 300000 | 22 37 17 17
33 300000 | 21 32 13 13
28 300000 | 17 28 11 11
34 300000 | 20 34 14 14
35 300000 | 18 34 18 18
34 300000 | 22 33 13 13
36 300000 | 18 35 19 19
40 300000 | 25 37 18 18
37 300000 | 25 37 12 12
32 300000 | 22 32 10 10
28 300000 | 16 27 13 13
29 300000 | 17 29 12 12
23 300000 | 14 23 9 9
32 300000 | 20 32 12 12
28 300000 | 17 27 12 12
25 300000 | 17 25 8 8
38 300000 | 20 37 19 19
40 300000 | 22 39 19 19
34 300000 | 18 32 18 18
28 300000 | 15 28 13 13
33 300000 | 15 32 19 19
25 300000 | 18 23 9 9
37 300000 | 20 36 18 18
36 300000 | 21 36 15 15
35 300000 | 22 35 13 13
34 300000 | 18 33 17 17
35 300000 | 27 34 9 9
36 300000 | 25 35 12 12
30 300000 | 24 29 7 7
35 300000 | 19 35 16 16
35 300000 | 15 34 21 21
25 300000 | 14 25 11 11
34 300000 | 18 33 17 17
41 300000 | 28 41 13 13
28 300000 | 21 28 7 7
41 300000 | 19 41 22 22
37 300000 | 22 37 15 15
