201 200000 | 193 90 119 119
195 200000 | 187 77 126 126
182 200000 | 177 74 113 113
209 200000 | 203 90 125 125
195 200000 | 189 73 128 128
190 200000 | 187 80 113 113
215 200000 | 210 85 135 135
232 200000 | 223 90 151 151
214 200000 | 205 107 116 116
198 200000 | 195 85 116 116
201 200000 | 195 89 118 118
217 200000 | 210 93 131 131
195 200000 | 189 88 113 113
207 200000 | 200 72 142 142
198 200000 | 189 86 121 121
184 200000 | 179 83 106 106
191 200000 | 189 89 104 104
224 200000 | 216 91 141 141
230 200000 | 220 104 136 136
207 200000 | 202 84 128 128
235 200000 | 227 105 138 138
213 200000 | 205 105 116 116
202 200000 | 193 98 113 113
205 200000 | 200 85 125 125
199 200000 | 192 82 124 124
240 200000 | 236 92 152 152
186 200000 | 176 85 111 111
182 200000 | 174 79 111 111
206 200000 | 199 87 126 126
210 200000 | 203 82 135 135
209 200000 | 199 98 121 121
247 200000 | 238 119 137 137
206 200000 | 196 85 131 131
222 200000 | 211 94 139 139
212 200000 | 204 88 132 132
218 200000 | 213 94 129 129
186 200000 | 182 72 118 118
214 200000 | 207 92 129 129
205 200000 | 199 80 131 131
201 200000 | 191 102 109 109
190 200000 | 184 81 115 115
233 200000 | 224 98 144 144
227 200000 | 215 111 128 128
198 200000 | 190 79 127 127
217 200000 | 211 74 149 149
210 200000 | 206 75 139 139
203 200000 | 192 101 113 113
206 200000 | 199 87 126 126
197 200000 | 191 88 115 115
201 200000 | 196 86 120 120
208 200000 | 194 91 131 131
205 200000 | 193 87 130 130
189 200000 | 183 73 122 122
212 200000 | 205 84 135 135
176 200000 | 169 76 107 107
202 200000 | 194 96 114 114
228 200000 | 222 93 141 141
221 200000 | 212 89 141 141
210 200000 | 200 95 125 125
208 200000 | 202 92 122 122
232 200000 | 225 95 144 144
214 200000 | 208 93 127 127
190 200000 | 185 78 117 117
205 200000 | 201 80 129 129
174 200000 | 166 75 107 107
204 200000 | 196 97 115 115
215 200000 | 204 106 120 120
169 200000 | 158 78 102 102
233 200000 | 223 100 143 143
235 200000 | 225 99 146 146
197 200000 | 190 84 120 120
189 200000 | 182 72 124 124
232 200000 | 225 89 150 150
213 200000 | 205 90 131 131
207 200000 | 201 81 132 132
220 200000 | 216 99 125 125
218 200000 | 210 102 124 124
208 200000 | 200 103 113 113
225 200000 | 214 105 131 131
227 200000 | 220 94 140 140
231 200000 | 216 111 135 135
229 200000 | 223 99 136 136
207 200000 | 202 78 134 134
220 200000 | 212 97 131 131
222 200000 | 212 108 124 124
216 200000 | 208 93 131 131
231 200000 | 226 100 136 136
184 200000 | 179 88 101 101
211 200000 | 203 78 141 141
187 200000 | 176 90 108 108
224 200000 | 219 96 133 133
215 200000 | 209 86 135 135
220 200000 | 212 76 152 152
220 200000 | 209 96 135 135
192 200000 | 191 68 125 125
208 200000 | 197 86 133 133
205 200000 | 194 99 117 117
199 200000 | 193 94 111 111
