0 200000 | 0 0 0 0
0 200000 | 0 0 0 0
0 200000 | 0 0 0 0
0 200000 | 0 0 0 0
0 200000 | 0 0 0 0
0 200000 | 0 0 0 0
0 200000 | 0 0 0 0
0 200000 | 0 0 0 0
0 200000 | 0 0 0 0
0 200000 | 0 0 0 0
0 200000 | 0 0 0 0
0 200000 | 0 0 0 0
0 200000 | 0 0 0 0
0 200000 | 0 0 0 0
0 200000 | 0 0 0 0
0 200000 | 0 0 0 0
0 200000 | 0 0 0 0
0 200000 | 0 0 0 0
0 200000 | 0 0 0 0
0 200000 | 0 0 0 0
0 200000 | 0 0 0 0
0 200000 | 0 0 0 0
0 200000 | 0 0 0 0
0 200000 | 0 0 0 0
0 200000 | 0 0 0 0
0 200000 | 0 0 0 0
0 200000 | 0 0 0 0
0 200000 | 0 0 0 0
0 200000 | 0 0 0 0
0 300000 | 0 0 0 0
0 300000 | 0 0 0 0
0 300000 | 0 0 0 0
0 300000 | 0 0 0 0
0 300000 | 0 0 0 0
0 300000 | 0 0 0 0
0 300000 | 0 0 0 0
0 300000 | 0 0 0 0
0 300000 | 0 0 0 0
0 300000 | 0 0 0 0
0 300000 | 0 0 0 0
0 300000 | 0 0 0 0
0 300000 | 0 0 0 0
0 300000 | 0 0 0 0
0 300000 | 0 0 0 0
0 300000 | 0 0 0 0
0 300000 | 0 0 0 0
0 300000 | 0 0 0 0
0 300000 | 0 0 0 0
1 300000 | 0 1 1 1
0 300000 | 0 0 0 0
0 300000 | 0 0 0 0
0 300000 | 0 0 0 0
0 300000 | 0 0 0 0
0 300000 | 0 0 0 0
0 300000 | 0 0 0 0
0 300000 | 0 0 0 0
0 300000 | 0 0 0 0
0 300000 | 0 0 0 0
0 300000 | 0 0 0 0
0 300000 | 0 0 0 0
0 300000 | 0 0 0 0
0 300000 | 0 0 0 0
0 300000 | 0 0 0 0
0 300000 | 0 0 0 0
0 300000 | 0 0 0 0
0 300000 | 0 0 0 0
0 300000 | 0 0 0 0
0 300000 | 0 0 0 0
0 300000 | 0 0 0 0
0 300000 | 0 0 0 0
0 300000 | 0 0 0 0
0 300000 | 0 0 0 0
0 300000 | 0 0 0 0
0 300000 | 0 0 0 0
0 300000 | 0 0 0 0
0 300000 | 0 0 0 0
0 300000 | 0 0 0 0
0 300000 | 0 0 0 0
0 300000 | 0 0 0 0
0 300000 | 0 0 0 0
0 300000 | 0 0 0 0
0 300000 | 0 0 0 0
0 300000 | 0 0 0 0
0 300000 | 0 0 0 0
0 300000 | 0 0 0 0
0 300000 | 0 0 0 0
0 300000 | 0 0 0 0
0 300000 | 0 0 0 0
0 300000 | 0 0 0 0
0 300000 | 0 0 0 0
0 300000 | 0 0 0 0
0 300000 | 0 0 0 0
0 300000 | 0 0 0 0
0 300000 | 0 0 0 0
0 300000 | 0 0 0 0
0 300000 | 0 0 0 0
0 300000 | 0 0 0 0
0 300000 | 0 0 0 0
0 300000 | 0 0 0 0
0 300000 | 0 0 0 0
0 300000 | 0 0 0 0
0 300000 | 0 0 0 0
0 300000 | 0 0 0 0
0 300000 | 0 0 0 0
0 300000 | 0 0 0 0
0 300000 | 0 0 0 0
0 300000 | 0 0 0 0
0 300000 | 0 0 0 0
0 300000 | 0 0 0 0
