3 200000 | 3 2 1 1
2 200000 | 2 2 0 0
1 200000 | 1 1 0 0
2 200000 | 2 2 0 0
1 200000 | 1 0 1 1
3 200000 | 3 3 0 0
3 200000 | 3 2 1 1
3 200000 | 3 3 0 0
2 200000 | 2 1 1 1
2 200000 | 2 2 0 0
2 200000 | 2 1 1 1
1 200000 | 1 1 0 0
6 200000 | 5 6 1 1
1 200000 | 1 1 0 0
4 200000 | 4 4 0 0
3 200000 | 3 2 1 1
2 200000 | 2 1 1 1
0 200000 | 0 0 0 0
2 200000 | 2 2 0 0
2 200000 | 2 0 2 2
2 200000 | 2 2 0 0
3 200000 | 3 3 0 0
1 200000 | 1 1 0 0
2 200000 | 1 2 1 1
4 200000 | 3 2 3 3
4 200000 | 3 3 2 2
4 200000 | 4 4 0 0
5 200000 | 5 4 1 1
2 200000 | 2 1 1 1
1 200000 | 1 1 0 0
1 200000 | 1 1 0 0
2 200000 | 2 2 0 0
1 200000 | 1 1 0 0
2 200000 | 2 1 1 1
4 200000 | 4 2 2 2
3 200000 | 3 2 1 1
0 200000 | 0 0 0 0
2 200000 | 2 1 1 1
3 200000 | 3 2 1 1
1 200000 | 1 1 0 0
4 200000 | 4 3 1 1
1 200000 | 1 1 0 0
4 200000 | 4 4 0 0
1 200000 | 1 1 0 0
1 200000 | 1 1 0 0
0 200000 | 0 0 0 0
2 200000 | 2 2 0 0
2 200000 | 2 2 0 0
1 200000 | 1 1 0 0
0 200000 | 0 0 0 0
1 200000 | 1 1 0 0
1 200000 | 1 1 0 0
2 200000 | 2 2 0 0
0 200000 | 0 0 0 0
0 200000 | 0 0 0 0
0 200000 | 0 0 0 0
0 200000 | 0 0 0 0
2 200000 | 2 2 0 0
2 200000 | 2 0 2 2
1 200000 | 1 1 0 0
2 200000 | 2 0 2 2
3 200000 | 3 2 1 1
0 200000 | 0 0 0 0
4 200000 | 4 4 0 0
2 200000 | 2 1 1 1
0 200000 | 0 0 0 0
3 200000 | 3 3 0 0
2 200000 | 2 2 0 0
2 200000 | 2 1 1 1
0 200000 | 0 0 0 0
1 200000 | 1 0 1 1
3 200000 | 3 1 2 2
1 200000 | 1 1 0 0
2 200000 | 2 2 0 0
1 200000 | 1 1 0 0
2 200000 | 2 2 0 0
1 200000 | 1 1 0 0
2 200000 | 2 1 1 1
2 200000 | 2 2 0 0
2 200000 | 2 1 1 1
0 200000 | 0 0 0 0
2 200000 | 2 2 0 0
1 200000 | 1 1 0 0
2 200000 | 2 1 1 1
2 200000 | 2 2 0 0
1 200000 | 1 0 1 1
4 200000 | 4 4 0 0
3 200000 | 3 3 0 0
2 200000 | 2 1 1 1
1 200000 | 1 0 1 1
2 200000 | 2 2 0 0
6 200000 | 6 6 0 0
0 200000 | 0 0 0 0
3 200000 | 3 2 1 1
2 200000 | 2 2 0 0
2 200000 | 2 1 1 1
0 200000 | 0 0 0 0
1 200000 | 1 1 0 0
4 200000 | 4 4 0 0
2 200000 | 2 2 0 0
1 200000 | 1 1 0 0
0 200000 | 0 0 0 0
1 200000 | 1 1 0 0
3 200000 | 3 3 0 0
2 200000 | 2 2 0 0
4 200000 | 4 2 2 2
2 200000 | 2 2 0 0
0 200000 | 0 0 0 0
0 200000 | 0 0 0 0
1 200000 | 1 1 0 0
3 200000 | 3 2 1 1
4 300000 | 4 3 1 1
1 300000 | 1 0 1 1
5 300000 | 5 5 0 0
2 300000 | 2 2 0 0
0 300000 | 0 0 0 0
1 300000 | 1 1 0 0
3 300000 | 3 3 0 0
3 300000 | 3 3 0 0
5 300000 | 5 5 0 0
4 300000 | 4 4 0 0
0 300000 | 0 0 0 0
2 300000 | 1 2 1 1
3 300000 | 3 3 0 0
2 300000 | 2 1 1 1
1 300000 | 1 1 0 0
1 300000 | 1 0 1 1
3 300000 | 3 2 1 1
2 300000 | 2 2 0 0
5 300000 | 5 3 2 2
2 300000 | 2 1 1 1
1 300000 | 1 0 1 1
1 300000 | 1 0 1 1
2 300000 | 2 2 0 0
6 300000 | 6 4 2 2
3 300000 | 3 2 1 1
4 300000 | 4 4 0 0
2 300000 | 2 1 1 1
3 300000 | 3 3 0 0
1 300000 | 1 1 0 0
3 300000 | 3 3 0 0
1 300000 | 1 1 0 0
2 300000 | 2 2 0 0
2 300000 | 2 2 0 0
3 300000 | 3 3 0 0
0 300000 | 0 0 0 0
3 300000 | 3 2 1 1
6 300000 | 6 6 0 0
3 300000 | 3 2 1 1
2 300000 | 2 1 1 1
6 300000 | 6 6 0 0
2 300000 | 2 2 0 0
3 300000 | 3 3 0 0
0 300000 | 0 0 0 0
2 300000 | 2 2 0 0
2 300000 | 2 2 0 0
1 300000 | 1 1 0 0
1 300000 | 1 1 0 0
6 300000 | 5 5 2 2
1 300000 | 1 0 1 1
3 300000 | 3 3 0 0
2 300000 | 2 2 0 0
3 300000 | 3 2 1 1
1 300000 | 1 1 0 0
2 300000 | 2 2 0 0
0 300000 | 0 0 0 0
4 300000 | 4 4 0 0
2 300000 | 2 2 0 0
4 300000 | 4 2 2 2
1 300000 | 1 1 0 0
2 300000 | 2 2 0 0
2 300000 | 2 2 0 0
0 300000 | 0 0 0 0
3 300000 | 3 2 1 1
1 300000 | 1 1 0 0
2 300000 | 2 1 1 1
1 300000 | 1 1 0 0
5 300000 | 5 2 3 3
0 300000 | 0 0 0 0
2 300000 | 2 1 1 1
4 300000 | 3 4 1 1
3 300000 | 3 3 0 0
2 300000 | 2 2 0 0
3 300000 | 3 3 0 0
2 300000 | 2 2 0 0
2 300000 | 2 1 1 1
2 300000 | 1 2 1 1
1 300000 | 1 1 0 0
1 300000 | 1 1 0 0
1 300000 | 1 1 0 0
3 300000 | 3 2 1 1
0 300000 | 0 0 0 0
3 300000 | 3 3 0 0
4 300000 | 4 4 0 0
1 300000 | 1 1 0 0
4 300000 | 4 4 0 0
2 300000 | 2 1 1 1
3 300000 | 3 3 0 0
6 300000 | 6 5 1 1
2 300000 | 2 1 1 1
2 300000 | 2 1 1 1
2 300000 | 2 2 0 0
1 300000 | 1 1 0 0
4 300000 | 4 3 1 1
1 300000 | 1 1 0 0
2 300000 | 2 2 0 0
4 300000 | 4 3 1 1
0 300000 | 0 0 0 0
5 300000 | 5 4 1 1
2 300000 | 2 2 0 0
3 300000 | 2 3 1 1
2 300000 | 2 2 0 0
3 300000 | 3 3 0 0
4 300000 | 4 3 1 1
3 300000 | 3 3 0 0
4 300000 | 4 2 2 2
2 300000 | 2 1 1 1
1 300000 | 1 1 0 0
2 300000 | 2 2 0 0
3 300000 | 3 2 1 1
2 300000 | 2 2 0 0
2 300000 | 2 2 0 0
1 300000 | 1 0 1 1
4 300000 | 4 3 1 1
3 300000 | 3 3 0 0
3 300000 | 3 3 0 0
6 300000 | 6 4 2 2
2 300000 | 1 2 1 1
3 300000 | 2 1 3 3
1 300000 | 1 1 0 0
3 300000 | 3 2 1 1
5 300000 | 5 5 0 0
3 300000 | 3 2 1 1
2 300000 | 2 1 1 1
5 300000 | 5 4 1 1
0 300000 | 0 0 0 0
1 300000 | 1 1 0 0
1 300000 | 1 1 0 0
2 300000 | 2 2 0 0
2 300000 | 2 2 0 0
3 300000 | 3 3 0 0
0 300000 | 0 0 0 0
4 300000 | 4 3 1 1
1 300000 | 1 1 0 0
3 300000 | 3 3 0 0
0 300000 | 0 0 0 0
1 300000 | 1 1 0 0
2 300000 | 2 1 1 1
3 300000 | 3 2 1 1
0 300000 | 0 0 0 0
0 300000 | 0 0 0 0
3 300000 | 3 2 1 1
2 300000 | 2 1 1 1
5 300000 | 5 3 2 2
6 300000 | 6 5 1 1
1 300000 | 1 0 1 1
2 300000 | 2 1 1 1
1 300000 | 1 1 0 0
2 300000 | 2 2 0 0
4 300000 | 4 4 0 0
2 300000 | 2 2 0 0
0 300000 | 0 0 0 0
1 300000 | 1 1 0 0
3 300000 | 3 2 1 1
3 300000 | 3 2 1 1
3 300000 | 3 3 0 0
3 300000 | 3 3 0 0
3 300000 | 3 3 0 0
3 300000 | 3 3 0 0
3 300000 | 3 3 0 0
2 300000 | 2 2 0 0
1 300000 | 1 1 0 0
4 300000 | 4 4 0 0
0 300000 | 0 0 0 0
0 300000 | 0 0 0 0
1 300000 | 1 0 1 1
0 300000 | 0 0 0 0
4 300000 | 4 2 2 2
2 300000 | 2 1 1 1
3 300000 | 3 2 1 1
2 300000 | 1 2 1 1
2 300000 | 2 2 0 0
1 300000 | 1 1 0 0
1 300000 | 1 1 0 0
2 300000 | 2 2 0 0
1 300000 | 1 1 0 0
2 300000 | 2 2 0 0
2 300000 | 2 2 0 0
2 300000 | 2 0 2 2
1 300000 | 1 1 0 0
2 300000 | 2 2 0 0
4 300000 | 4 4 0 0
4 300000 | 4 4 0 0
2 300000 | 2 1 1 1
3 300000 | 3 3 0 0
5 300000 | 5 4 1 1
2 300000 | 1 1 2 2
1 300000 | 1 0 1 1
5 300000 | 4 5 1 1
3 300000 | 3 2 1 1
4 300000 | 4 3 1 1
1 300000 | 1 1 0 0
1 300000 | 1 1 0 0
1 300000 | 1 1 0 0
1 300000 | 1 1 0 0
5 300000 | 5 4 1 1
1 300000 | 1 1 0 0
2 300000 | 2 2 0 0
5 300000 | 5 3 2 2
0 300000 | 0 0 0 0
3 300000 | 3 2 1 1
4 300000 | 4 4 0 0
4 300000 | 4 3 1 1
1 300000 | 1 1 0 0
7 300000 | 7 6 1 1
0 300000 | 0 0 0 0
2 300000 | 2 2 0 0
8 300000 | 8 4 4 4
1 300000 | 1 1 0 0
1 300000 | 1 0 1 1
6 300000 | 6 6 0 0
4 300000 | 4 3 1 1
2 300000 | 2 2 0 0
1 300000 | 1 1 0 0
7 300000 | 7 6 1 1
2 300000 | 2 2 0 0
4 300000 | 4 3 1 1
7 300000 | 7 7 0 0
4 300000 | 4 2 2 2
1 300000 | 1 1 0 0
2 300000 | 2 1 1 1
4 300000 | 3 2 3 3
2 300000 | 2 1 1 1
3 300000 | 3 3 0 0
2 300000 | 2 2 0 0
2 300000 | 2 2 0 0
1 300000 | 1 1 0 0
2 300000 | 2 2 0 0
2 300000 | 2 1 1 1
7 300000 | 7 6 1 1
3 300000 | 3 3 0 0
5 300000 | 5 4 1 1
6 300000 | 6 6 0 0
4 300000 | 4 4 0 0
2 300000 | 2 2 0 0
4 300000 | 3 4 1 1
0 300000 | 0 0 0 0
1 300000 | 1 0 1 1
3 300000 | 2 3 1 1
5 300000 | 5 4 1 1
1 300000 | 1 1 0 0
4 300000 | 4 3 1 1
1 300000 | 1 1 0 0
2 300000 | 2 2 0 0
2 300000 | 2 2 0 0
4 300000 | 4 2 2 2
1 300000 | 1 0 1 1
2 300000 | 2 1 1 1
3 300000 | 3 2 1 1
1 300000 | 1 1 0 0
4 300000 | 4 2 2 2
1 300000 | 1 1 0 0
2 300000 | 2 2 0 0
1 300000 | 1 0 1 1
4 300000 | 4 4 0 0
3 300000 | 3 3 0 0
2 300000 | 2 2 0 0
0 300000 | 0 0 0 0
5 300000 | 5 4 1 1
4 300000 | 4 4 0 0
3 300000 | 3 3 0 0
3 300000 | 3 3 0 0
1 300000 | 1 1 0 0
1 300000 | 1 1 0 0
6 300000 | 6 6 0 0
3 300000 | 3 3 0 0
1 300000 | 1 1 0 0
6 300000 | 6 5 1 1
2 300000 | 2 2 0 0
2 300000 | 2 2 0 0
1 300000 | 1 1 0 0
2 300000 | 2 2 0 0
4 300000 | 4 3 1 1
3 300000 | 2 1 3 3
1 300000 | 1 1 0 0
3 300000 | 3 3 0 0
6 300000 | 4 6 2 2
2 300000 | 2 1 1 1
3 300000 | 3 3 0 0
3 300000 | 3 1 2 2
1 300000 | 1 1 0 0
1 300000 | 1 1 0 0
3 300000 | 3 3 0 0
4 300000 | 4 4 0 0
1 300000 | 1 0 1 1
2 300000 | 2 2 0 0
2 300000 | 1 2 1 1
2 300000 | 2 1 1 1
5 300000 | 5 4 1 1
2 300000 | 2 1 1 1
0 300000 | 0 0 0 0
2 300000 | 2 1 1 1
2 300000 | 2 1 1 1
1 300000 | 1 1 0 0
2 300000 | 2 2 0 0
4 300000 | 3 3 2 2
4 300000 | 4 4 0 0
1 300000 | 1 1 0 0
2 300000 | 2 2 0 0
2 300000 | 2 2 0 0
4 300000 | 4 3 1 1
1 300000 | 1 1 0 0
0 300000 | 0 0 0 0
2 300000 | 2 1 1 1
4 300000 | 4 3 1 1
3 300000 | 3 3 0 0
4 300000 | 4 3 1 1
2 300000 | 2 2 0 0
6 300000 | 6 5 1 1
2 300000 | 2 2 0 0
1 300000 | 1 1 0 0
2 300000 | 1 2 1 1
4 300000 | 4 3 1 1
3 300000 | 3 3 0 0
2 300000 | 2 0 2 2
3 300000 | 3 2 1 1
2 300000 | 2 2 0 0
2 300000 | 2 2 0 0
2 300000 | 2 2 0 0
1 300000 | 1 1 0 0
1 300000 | 1 1 0 0
4 300000 | 4 4 0 0
3 300000 | 2 3 1 1
0 300000 | 0 0 0 0
5 300000 | 5 5 0 0
5 300000 | 5 3 2 2
2 300000 | 2 2 0 0
1 300000 | 1 1 0 0
2 300000 | 2 2 0 0
2 300000 | 2 2 0 0
5 300000 | 5 4 1 1
5 300000 | 5 4 1 1
2 300000 | 2 1 1 1
0 300000 | 0 0 0 0
2 300000 | 2 2 0 0
3 300000 | 3 1 2 2
2 300000 | 2 2 0 0
4 300000 | 4 4 0 0
1 300000 | 1 1 0 0
0 300000 | 0 0 0 0
4 300000 | 4 4 0 0
3 300000 | 3 2 1 1
3 300000 | 3 3 0 0
5 300000 | 5 3 2 2
2 300000 | 2 0 2 2
3 300000 | 3 3 0 0
6 300000 | 5 5 2 2
1 300000 | 1 0 1 1
2 300000 | 2 1 1 1
4 300000 | 4 2 2 2
1 300000 | 1 1 0 0
3 300000 | 3 1 2 2
4 300000 | 4 2 2 2
1 300000 | 1 1 0 0
4 300000 | 4 3 1 1
5 300000 | 5 4 1 1
2 300000 | 2 1 1 1
2 300000 | 2 2 0 0
3 300000 | 3 2 1 1
0 300000 | 0 0 0 0
4 300000 | 4 4 0 0
3 300000 | 3 3 0 0
3 300000 | 3 2 1 1
6 300000 | 6 6 0 0
3 300000 | 3 3 0 0
2 300000 | 2 2 0 0
3 300000 | 3 2 1 1
1 300000 | 1 1 0 0
0 300000 | 0 0 0 0
1 300000 | 1 1 0 0
4 300000 | 4 3 1 1
1 300000 | 1 0 1 1
2 300000 | 2 2 0 0
3 300000 | 3 3 0 0
2 300000 | 1 2 1 1
0 300000 | 0 0 0 0
1 300000 | 1 1 0 0
3 300000 | 3 2 1 1
4 300000 | 4 3 1 1
4 300000 | 4 2 2 2
4 300000 | 4 4 0 0
2 300000 | 2 1 1 1
2 300000 | 2 2 0 0
3 300000 | 3 3 0 0
3 300000 | 3 3 0 0
5 300000 | 5 4 1 1
1 300000 | 1 1 0 0
4 300000 | 4 4 0 0
3 300000 | 3 3 0 0
3 300000 | 3 2 1 1
2 300000 | 2 2 0 0
1 300000 | 1 1 0 0
2 300000 | 2 1 1 1
3 300000 | 3 3 0 0
5 300000 | 5 4 1 1
4 300000 | 3 4 1 1
2 300000 | 2 2 0 0
5 300000 | 5 4 1 1
1 300000 | 1 1 0 0
1 300000 | 1 1 0 0
4 300000 | 4 3 1 1
0 300000 | 0 0 0 0
1 300000 | 1 1 0 0
1 300000 | 1 1 0 0
0 300000 | 0 0 0 0
5 300000 | 5 5 0 0
0 300000 | 0 0 0 0
3 300000 | 3 3 0 0
2 300000 | 2 1 1 1
3 300000 | 3 3 0 0
5 300000 | 5 5 0 0
3 300000 | 3 3 0 0
4 300000 | 4 4 0 0
2 300000 | 2 2 0 0
3 300000 | 3 2 1 1
1 300000 | 1 1 0 0
2 300000 | 2 2 0 0
2 300000 | 2 1 1 1
5 300000 | 5 4 1 1
4 300000 | 4 2 2 2
4 300000 | 4 3 1 1
3 300000 | 3 1 2 2
4 300000 | 4 3 1 1
5 300000 | 5 5 0 0
3 300000 | 3 2 1 1
3 300000 | 2 3 1 1
6 300000 | 5 5 2 2
3 300000 | 3 2 1 1
1 300000 | 1 0 1 1
1 300000 | 1 0 1 1
2 300000 | 2 2 0 0
2 300000 | 1 2 1 1
0 300000 | 0 0 0 0
3 300000 | 3 2 1 1
1 300000 | 1 1 0 0
1 300000 | 1 1 0 0
3 300000 | 3 2 1 1
2 300000 | 2 2 0 0
2 300000 | 2 1 1 1
1 300000 | 1 1 0 0
2 300000 | 2 2 0 0
1 300000 | 0 1 1 1
3 300000 | 3 1 2 2
1 300000 | 1 1 0 0
2 300000 | 2 2 0 0
3 300000 | 3 3 0 0
4 300000 | 4 2 2 2
2 300000 | 2 2 0 0
2 300000 | 2 2 0 0
4 300000 | 4 2 2 2
0 300000 | 0 0 0 0
1 300000 | 1 1 0 0
3 300000 | 3 3 0 0
2 300000 | 2 2 0 0
1 300000 | 1 1 0 0
1 300000 | 1 1 0 0
3 300000 | 3 1 2 2
0 300000 | 0 0 0 0
2 300000 | 2 1 1 1
3 300000 | 3 2 1 1
2 300000 | 2 2 0 0
2 300000 | 2 2 0 0
4 300000 | 4 3 1 1
3 300000 | 3 3 0 0
1 300000 | 1 1 0 0
0 300000 | 0 0 0 0
4 300000 | 4 2 2 2
8 300000 | 8 5 3 3
5 300000 | 5 5 0 0
2 300000 | 2 2 0 0
1 300000 | 1 0 1 1
0 300000 | 0 0 0 0
3 300000 | 3 3 0 0
1 300000 | 1 0 1 1
1 300000 | 1 0 1 1
2 300000 | 2 2 0 0
4 300000 | 4 4 0 0
4 300000 | 4 2 2 2
3 300000 | 3 1 2 2
4 300000 | 4 3 1 1
2 300000 | 2 1 1 1
1 300000 | 1 0 1 1
6 300000 | 6 5 1 1
1 300000 | 1 1 0 0
2 300000 | 2 2 0 0
2 300000 | 2 2 0 0
6 300000 | 5 6 1 1
1 300000 | 1 1 0 0
5 300000 | 5 4 1 1
1 300000 | 1 1 0 0
4 300000 | 4 4 0 0
5 300000 | 5 4 1 1
5 300000 | 5 3 2 2
4 300000 | 3 4 1 1
4 300000 | 4 2 2 2
2 300000 | 2 2 0 0
5 300000 | 5 4 1 1
1 300000 | 1 1 0 0
8 300000 | 7 6 3 3
3 300000 | 3 2 1 1
4 300000 | 4 4 0 0
0 300000 | 0 0 0 0
3 300000 | 3 1 2 2
3 300000 | 3 3 0 0
2 300000 | 1 2 1 1
2 300000 | 2 2 0 0
2 300000 | 1 2 1 1
3 300000 | 3 2 1 1
4 300000 | 4 4 0 0
7 300000 | 7 4 3 3
4 300000 | 4 3 1 1
2 300000 | 2 2 0 0
2 300000 | 2 2 0 0
1 300000 | 1 1 0 0
0 300000 | 0 0 0 0
