1204 200000 | 828 762 818 818
1125 200000 | 794 662 794 794
1150 200000 | 810 672 818 818
1202 200000 | 839 724 841 841
1095 200000 | 767 670 753 753
1200 200000 | 820 715 865 865
1126 200000 | 790 684 778 778
1153 200000 | 787 714 805 805
1123 200000 | 824 629 793 793
1103 200000 | 805 646 755 755
1248 200000 | 888 756 852 852
1170 200000 | 818 716 806 806
1166 200000 | 810 720 802 802
1162 200000 | 812 712 800 800
1140 200000 | 822 671 787 787
1093 200000 | 768 673 745 745
1194 200000 | 826 746 816 816
1170 200000 | 808 720 812 812
1099 200000 | 787 650 761 761
1210 200000 | 855 734 831 831
1189 200000 | 841 694 843 843
1106 200000 | 755 682 775 775
1168 200000 | 803 694 839 839
1088 200000 | 766 665 745 745
1172 200000 | 810 740 794 794
1224 200000 | 859 727 862 862
1173 200000 | 809 733 804 804
1164 200000 | 806 691 831 831
1153 200000 | 801 728 777 777
1127 200000 | 786 670 798 798
1115 200000 | 758 681 791 791
1131 200000 | 798 695 769 769
1195 200000 | 820 718 852 852
1197 200000 | 859 724 811 811
1141 200000 | 819 687 776 776
1176 200000 | 839 701 812 812
1188 200000 | 825 711 840 840
1173 200000 | 806 704 836 836
1166 200000 | 797 703 832 832
1156 200000 | 798 705 809 809
1147 200000 | 766 717 811 811
1166 200000 | 805 674 853 853
1137 200000 | 785 701 788 788
1185 200000 | 824 748 798 798
