641 200000 | 635 313 334 334
638 200000 | 629 322 325 325
655 200000 | 640 317 353 353
706 200000 | 690 372 350 350
673 200000 | 657 344 345 345
646 200000 | 636 337 319 319
651 200000 | 637 319 346 346
590 200000 | 580 293 307 307
651 200000 | 639 315 348 348
669 200000 | 658 357 323 323
677 200000 | 670 335 349 349
679 200000 | 670 350 338 338
594 200000 | 586 302 300 300
630 200000 | 616 307 337 337
591 200000 | 580 302 300 300
616 200000 | 603 322 307 307
620 200000 | 605 301 334 334
646 200000 | 635 341 316 316
629 200000 | 615 316 327 327
706 200000 | 689 374 349 349
681 200000 | 666 369 327 327
598 200000 | 586 279 331 331
662 200000 | 650 326 348 348
730 200000 | 718 390 352 352
594 200000 | 588 307 293 293
661 200000 | 648 319 355 355
596 200000 | 581 286 325 325
681 200000 | 658 347 357 357
646 200000 | 634 320 338 338
634 200000 | 626 328 314 314
663 200000 | 650 342 334 334
596 200000 | 590 314 288 288
685 200000 | 674 349 347 347
656 200000 | 643 339 330 330
673 200000 | 663 336 347 347
622 200000 | 615 302 327 327
624 200000 | 617 309 322 322
660 200000 | 653 327 340 340
638 200000 | 627 331 318 318
649 200000 | 636 324 338 338
679 200000 | 664 326 368 368
622 200000 | 608 325 311 311
675 200000 | 668 338 344 344
598 200000 | 590 307 299 299
640 200000 | 631 340 309 309
646 200000 | 642 319 331 331
644 200000 | 626 339 323 323
658 200000 | 646 331 339 339
659 200000 | 646 339 333 333
693 200000 | 680 355 351 351
620 200000 | 615 338 287 287
662 200000 | 651 365 308 308
676 200000 | 664 345 343 343
658 200000 | 641 303 372 372
641 200000 | 633 332 317 317
650 200000 | 639 341 320 320
643 200000 | 633 337 316 316
628 200000 | 622 320 314 314
663 200000 | 652 364 310 310
692 200000 | 681 355 348 348
656 200000 | 646 330 336 336
715 200000 | 709 348 373 373
635 200000 | 614 327 329 329
607 200000 | 599 331 284 284
610 200000 | 597 288 335 335
664 200000 | 654 353 321 321
673 200000 | 666 349 331 331
648 200000 | 630 331 335 335
652 200000 | 638 353 313 313
656 200000 | 646 330 336 336
656 200000 | 641 337 334 334
636 200000 | 626 336 310 310
651 200000 | 643 329 330 330
644 200000 | 637 329 322 322
616 200000 | 605 322 305 305
664 200000 | 648 351 329 329
658 200000 | 640 322 354 354
600 200000 | 591 303 306 306
