262 200000 | 180 144 200 200
262 200000 | 181 134 209 209
271 200000 | 178 153 211 211
253 200000 | 170 139 197 197
279 200000 | 184 154 220 220
240 200000 | 157 129 194 194
240 200000 | 164 137 179 179
252 200000 | 152 152 200 200
236 200000 | 142 142 188 188
258 200000 | 172 147 197 197
254 200000 | 151 152 205 205
235 200000 | 147 137 186 186
238 200000 | 164 125 187 187
257 200000 | 169 146 199 199
257 200000 | 168 140 206 206
248 200000 | 141 152 203 203
269 200000 | 181 145 212 212
233 200000 | 138 138 190 190
213 200000 | 132 132 162 162
250 200000 | 157 138 205 205
280 200000 | 186 145 229 229
265 200000 | 164 150 216 216
250 200000 | 155 144 201 201
251 200000 | 153 146 203 203
237 200000 | 155 134 185 185
284 200000 | 178 161 229 229
253 200000 | 160 140 206 206
272 200000 | 176 156 212 212
257 200000 | 155 149 210 210
286 200000 | 189 165 218 218
254 200000 | 157 142 209 209
283 200000 | 181 160 225 225
224 200000 | 146 120 182 182
243 200000 | 160 134 192 192
254 200000 | 175 131 202 202
238 200000 | 164 128 184 184
253 200000 | 153 153 200 200
247 200000 | 151 137 206 206
243 200000 | 145 143 198 198
233 200000 | 150 133 183 183
252 200000 | 162 145 197 197
261 200000 | 160 157 205 205
251 200000 | 153 145 204 204
250 200000 | 154 156 190 190
253 200000 | 164 142 200 200
239 200000 | 158 134 186 186
261 200000 | 172 141 209 209
244 200000 | 152 141 195 195
253 200000 | 155 153 198 198
241 200000 | 156 143 183 183
258 200000 | 161 146 209 209
241 200000 | 150 139 193 193
237 200000 | 145 142 187 187
267 200000 | 164 157 213 213
261 200000 | 165 141 216 216
213 200000 | 141 121 164 164
232 200000 | 142 135 187 187
280 200000 | 186 141 233 233
245 200000 | 148 150 192 192
257 200000 | 165 133 216 216
259 200000 | 169 147 202 202
233 200000 | 142 145 179 179
240 200000 | 148 140 192 192
234 200000 | 154 125 189 189
245 200000 | 157 139 194 194
235 200000 | 147 137 186 186
253 200000 | 171 135 200 200
225 200000 | 149 120 181 181
279 200000 | 180 149 229 229
219 200000 | 146 107 185 185
254 200000 | 166 148 194 194
257 200000 | 159 149 206 206
270 200000 | 166 158 216 216
242 200000 | 153 135 196 196
245 200000 | 153 148 189 189
249 200000 | 155 141 202 202
239 200000 | 147 133 198 198
240 200000 | 162 126 192 192
255 200000 | 158 150 202 202
254 200000 | 154 155 199 199
264 200000 | 157 154 217 217
250 200000 | 146 156 198 198
268 200000 | 153 164 219 219
229 200000 | 156 115 187 187
254 200000 | 169 132 207 207
238 200000 | 145 142 189 189
232 200000 | 139 131 194 194
280 200000 | 172 158 230 230
273 200000 | 167 167 212 212
221 200000 | 147 127 168 168
281 200000 | 172 159 231 231
275 200000 | 167 179 204 204
225 200000 | 143 133 174 174
257 200000 | 164 142 208 208
244 200000 | 146 147 195 195
235 200000 | 147 124 199 199
278 200000 | 185 152 219 219
251 200000 | 172 127 203 203
244 200000 | 149 145 194 194
253 200000 | 161 135 210 210
262 200000 | 168 148 208 208
239 200000 | 152 121 205 205
284 200000 | 171 182 215 215
252 200000 | 159 132 213 213
224 200000 | 134 129 185 185
260 200000 | 162 162 196 196
245 200000 | 162 138 190 190
242 200000 | 157 142 185 185
268 200000 | 155 164 217 217
289 200000 | 167 184 227 227
260 200000 | 175 136 209 209
248 200000 | 148 152 196 196
237 200000 | 142 141 191 191
257 200000 | 159 154 201 201
250 200000 | 154 147 199 199
236 200000 | 148 125 199 199
295 200000 | 190 162 238 238
250 200000 | 150 150 200 200
277 200000 | 173 167 214 214
241 200000 | 158 130 194 194
251 200000 | 168 132 202 202
241 200000 | 149 138 195 195
259 200000 | 162 153 203 203
249 200000 | 152 150 196 196
259 200000 | 156 150 212 212
238 200000 | 159 126 191 191
278 200000 | 190 152 214 214
284 200000 | 186 170 212 212
250 200000 | 151 141 208 208
243 200000 | 152 138 196 196
229 200000 | 144 130 184 184
254 200000 | 163 144 201 201
241 200000 | 146 135 201 201
248 200000 | 167 139 190 190
246 200000 | 160 149 183 183
261 200000 | 171 142 209 209
233 200000 | 146 136 184 184
269 200000 | 164 159 215 215
252 200000 | 148 148 208 208
242 200000 | 154 134 196 196
256 200000 | 158 156 198 198
232 200000 | 147 128 189 189
245 200000 | 149 137 204 204
221 200000 | 144 123 175 175
233 200000 | 154 138 174 174
272 200000 | 171 149 224 224
225 200000 | 141 127 182 182
213 200000 | 133 119 174 174
252 200000 | 165 134 205 205
247 200000 | 146 149 199 199
244 200000 | 158 132 198 198
266 200000 | 163 146 223 223
264 200000 | 167 145 216 216
231 200000 | 152 126 184 184
266 200000 | 172 150 210 210
247 200000 | 163 138 193 193
273 200000 | 174 155 217 217
236 200000 | 144 137 191 191
241 200000 | 159 129 194 194
235 200000 | 160 126 184 184
247 200000 | 148 150 196 196
246 200000 | 147 153 192 192
257 200000 | 170 145 199 199
262 200000 | 166 161 197 197
250 200000 | 164 137 199 199
226 200000 | 144 125 183 183
249 200000 | 158 142 198 198
273 200000 | 183 146 217 217
257 200000 | 172 140 202 202
268 200000 | 178 141 217 217
240 200000 | 153 132 195 195
246 200000 | 152 141 199 199
255 200000 | 167 140 203 203
269 200000 | 171 144 223 223
263 200000 | 164 152 210 210
268 200000 | 180 147 209 209
247 200000 | 161 130 203 203
266 200000 | 179 156 197 197
232 200000 | 144 133 187 187
266 200000 | 172 150 210 210
259 200000 | 155 153 210 210
288 200000 | 181 167 228 228
243 200000 | 142 152 192 192
241 200000 | 162 129 191 191
239 200000 | 147 138 193 193
256 200000 | 173 137 202 202
231 200000 | 147 130 185 185
251 200000 | 152 146 204 204
275 200000 | 174 172 204 204
229 200000 | 142 136 180 180
234 200000 | 141 132 195 195
243 200000 | 151 141 194 194
236 200000 | 157 130 185 185
270 200000 | 185 146 209 209
291 200000 | 196 154 232 232
265 200000 | 176 148 206 206
276 200000 | 167 164 221 221
259 200000 | 167 147 204 204
274 200000 | 178 155 215 215
