0 200000 | 0 0 0 0
2 200000 | 2 1 1 1
1 200000 | 1 0 1 1
1 200000 | 1 1 0 0
1 200000 | 1 0 1 1
0 200000 | 0 0 0 0
2 200000 | 2 1 1 1
0 200000 | 0 0 0 0
0 200000 | 0 0 0 0
0 200000 | 0 0 0 0
0 200000 | 0 0 0 0
1 200000 | 1 0 1 1
1 200000 | 1 1 0 0
0 200000 | 0 0 0 0
0 300000 | 0 0 0 0
1 300000 | 1 1 0 0
0 300000 | 0 0 0 0
0 300000 | 0 0 0 0
0 300000 | 0 0 0 0
2 300000 | 2 1 1 1
0 300000 | 0 0 0 0
1 300000 | 1 0 1 1
0 300000 | 0 0 0 0
2 300000 | 2 0 2 2
1 300000 | 1 0 1 1
0 300000 | 0 0 0 0
0 300000 | 0 0 0 0
2 300000 | 2 0 2 2
0 300000 | 0 0 0 0
0 300000 | 0 0 0 0
1 300000 | 1 1 0 0
1 300000 | 1 1 0 0
0 300000 | 0 0 0 0
0 300000 | 0 0 0 0
1 300000 | 1 1 0 0
1 300000 | 1 1 0 0
1 300000 | 1 1 0 0
2 300000 | 2 2 0 0
1 300000 | 1 0 1 1
0 300000 | 0 0 0 0
0 300000 | 0 0 0 0
0 300000 | 0 0 0 0
0 300000 | 0 0 0 0
1 300000 | 1 0 1 1
2 300000 | 2 1 1 1
1 300000 | 1 1 0 0
0 300000 | 0 0 0 0
1 300000 | 1 1 0 0
0 300000 | 0 0 0 0
1 300000 | 1 1 0 0
0 300000 | 0 0 0 0
1 300000 | 1 0 1 1
1 300000 | 1 0 1 1
0 300000 | 0 0 0 0
0 300000 | 0 0 0 0
1 300000 | 1 0 1 1
1 300000 | 1 1 0 0
0 300000 | 0 0 0 0
1 300000 | 1 0 1 1
1 300000 | 1 1 0 0
1 300000 | 1 1 0 0
1 300000 | 1 0 1 1
1 300000 | 1 1 0 0
1 300000 | 1 1 0 0
0 300000 | 0 0 0 0
0 300000 | 0 0 0 0
0 300000 | 0 0 0 0
3 300000 | 3 0 3 3
0 300000 | 0 0 0 0
0 300000 | 0 0 0 0
1 300000 | 1 0 1 1
0 300000 | 0 0 0 0
1 300000 | 1 0 1 1
1 300000 | 1 0 1 1
0 300000 | 0 0 0 0
2 300000 | 2 0 2 2
2 300000 | 2 2 0 0
1 300000 | 1 0 1 1
0 200000 | 0 0 0 0
0 200000 | 0 0 0 0
0 200000 | 0 0 0 0
0 200000 | 0 0 0 0
1 200000 | 1 1 0 0
1 200000 | 1 1 0 0
0 200000 | 0 0 0 0
0 200000 | 0 0 0 0
0 200000 | 0 0 0 0
0 200000 | 0 0 0 0
0 200000 | 0 0 0 0
2 200000 | 2 2 0 0
2 200000 | 2 1 1 1
2 200000 | 2 1 1 1
0 200000 | 0 0 0 0
0 200000 | 0 0 0 0
0 200000 | 0 0 0 0
