2042 200000 | 1958 1987 139 139
2045 200000 | 1972 1989 129 129
2033 200000 | 1971 1985 110 110
2043 200000 | 1960 1985 141 141
2059 200000 | 1991 2017 110 110
2054 200000 | 1987 2006 115 115
2147 200000 | 2083 2095 116 116
2007 200000 | 1938 1973 103 103
2131 200000 | 2049 2078 135 135
2113 200000 | 2038 2057 131 131
2099 200000 | 2040 2059 99 99
2108 200000 | 2032 2052 132 132
2136 200000 | 2063 2096 113 113
2088 200000 | 2027 2030 119 119
2022 200000 | 1935 1967 142 142
2067 200000 | 1995 2017 122 122
1981 200000 | 1911 1935 116 116
2122 200000 | 2049 2073 122 122
2072 200000 | 1994 2024 126 126
2041 200000 | 1964 2001 117 117
2027 200000 | 1946 1970 138 138
2084 200000 | 1999 2029 140 140
2050 200000 | 1986 2001 113 113
2035 200000 | 1959 1992 119 119
2075 200000 | 2004 2016 130 130
