6 200000 | 4 6 2 2
10 200000 | 4 10 6 6
7 200000 | 3 6 5 5
6 200000 | 3 6 3 3
7 200000 | 2 7 5 5
9 200000 | 7 9 2 2
8 200000 | 4 7 5 5
9 200000 | 7 9 2 2
9 200000 | 5 9 4 4
5 200000 | 3 4 3 3
11 200000 | 5 11 6 6
6 200000 | 4 6 2 2
4 200000 | 2 4 2 2
11 200000 | 7 11 4 4
12 200000 | 10 12 2 2
7 200000 | 5 7 2 2
6 200000 | 2 6 4 4
14 200000 | 10 14 4 4
6 160256 | 2 6 4 4
10 160256 | 4 10 6 6
12 160256 | 8 12 4 4
3 160256 | 2 3 1 1
9 160256 | 4 9 5 5
8 200000 | 2 8 6 6
15 200000 | 10 15 5 5
11 200000 | 9 11 2 2
8 200000 | 5 8 3 3
9 200000 | 5 9 4 4
14 200000 | 8 13 7 7
4 200000 | 2 4 2 2
6 200000 | 5 6 1 1
8 200000 | 4 8 4 4
3 200000 | 1 3 2 2
9 200000 | 6 9 3 3
11 200000 | 6 11 5 5
7 200000 | 4 7 3 3
8 200000 | 6 8 2 2
6 200000 | 3 5 4 4
5 200000 | 3 5 2 2
8 200000 | 7 8 1 1
