117 200000 | 115 44 75 75
105 200000 | 102 38 70 70
124 200000 | 122 50 76 76
126 200000 | 125 48 79 79
124 200000 | 123 42 83 83
115 200000 | 114 36 80 80
120 200000 | 120 42 78 78
113 200000 | 113 35 78 78
114 200000 | 113 32 83 83
138 200000 | 137 51 88 88
119 200000 | 117 43 78 78
145 200000 | 144 54 92 92
132 200000 | 132 43 89 89
135 200000 | 135 44 91 91
118 200000 | 118 43 75 75
114 200000 | 113 41 74 74
125 200000 | 122 52 76 76
128 200000 | 126 36 94 94
148 200000 | 147 46 103 103
130 200000 | 129 41 90 90
104 200000 | 104 39 65 65
122 200000 | 120 42 82 82
117 200000 | 116 39 79 79
131 200000 | 129 48 85 85
121 200000 | 120 44 78 78
116 200000 | 116 37 79 79
121 200000 | 119 45 78 78
126 200000 | 126 42 84 84
130 200000 | 127 57 76 76
100 200000 | 99 36 65 65
128 200000 | 126 51 79 79
115 200000 | 115 37 78 78
116 200000 | 112 42 78 78
107 200000 | 106 45 63 63
116 200000 | 116 43 73 73
146 200000 | 146 52 94 94
120 200000 | 118 43 79 79
112 200000 | 111 40 73 73
114 200000 | 113 39 76 76
119 200000 | 118 42 78 78
138 200000 | 137 51 88 88
105 200000 | 105 34 71 71
107 200000 | 107 38 69 69
98 200000 | 95 31 70 70
131 200000 | 131 33 98 98
110 200000 | 106 27 87 87
114 200000 | 113 43 72 72
110 200000 | 109 40 71 71
104 200000 | 103 41 64 64
112 200000 | 110 39 75 75
123 200000 | 120 49 77 77
130 200000 | 128 49 83 83
139 200000 | 136 58 84 84
104 200000 | 103 35 70 70
121 200000 | 119 46 77 77
115 200000 | 114 28 88 88
125 200000 | 123 54 73 73
125 200000 | 124 44 82 82
126 200000 | 125 47 80 80
119 200000 | 118 38 82 82
123 200000 | 121 34 91 91
118 200000 | 117 32 87 87
129 200000 | 126 47 85 85
114 200000 | 111 42 75 75
136 200000 | 132 58 82 82
120 200000 | 120 40 80 80
134 200000 | 133 51 84 84
134 200000 | 132 56 80 80
140 200000 | 140 42 98 98
126 200000 | 126 48 78 78
133 200000 | 132 47 87 87
118 200000 | 118 37 81 81
116 200000 | 116 35 81 81
123 200000 | 120 46 80 80
141 200000 | 140 56 86 86
117 200000 | 115 45 74 74
122 200000 | 122 47 75 75
113 200000 | 112 41 73 73
127 200000 | 127 45 82 82
103 200000 | 101 39 66 66
125 200000 | 123 43 84 84
118 200000 | 117 42 77 77
115 200000 | 113 42 75 75
123 200000 | 123 46 77 77
125 200000 | 123 44 83 83
124 200000 | 124 41 83 83
124 200000 | 122 46 80 80
130 200000 | 129 39 92 92
119 200000 | 118 32 88 88
116 200000 | 114 33 85 85
125 200000 | 125 41 84 84
127 200000 | 127 48 79 79
112 200000 | 111 39 74 74
123 200000 | 122 37 87 87
110 200000 | 110 43 67 67
111 200000 | 108 44 70 70
120 200000 | 118 39 83 83
144 200000 | 142 54 92 92
119 200000 | 118 42 78 78
111 200000 | 108 42 72 72
124 200000 | 124 32 92 92
120 200000 | 118 41 81 81
132 200000 | 132 55 77 77
118 200000 | 117 40 79 79
120 200000 | 119 35 86 86
116 200000 | 115 42 75 75
133 200000 | 132 36 98 98
117 200000 | 117 40 77 77
106 200000 | 103 40 69 69
123 200000 | 121 53 72 72
125 200000 | 122 45 83 83
106 200000 | 106 38 68 68
130 200000 | 128 59 73 73
119 200000 | 118 25 95 95
102 200000 | 102 31 71 71
122 200000 | 121 34 89 89
121 200000 | 119 41 82 82
116 200000 | 115 40 77 77
115 200000 | 113 40 77 77
97 200000 | 97 35 62 62
150 200000 | 149 46 105 105
123 200000 | 122 38 86 86
139 200000 | 138 59 81 81
129 200000 | 127 54 77 77
103 200000 | 103 35 68 68
132 200000 | 128 46 90 90
100 200000 | 97 36 67 67
122 200000 | 121 45 78 78
124 200000 | 122 33 93 93
133 200000 | 131 40 95 95
134 200000 | 130 47 91 91
115 200000 | 114 38 78 78
129 200000 | 127 43 88 88
108 200000 | 107 35 74 74
114 200000 | 114 41 73 73
110 200000 | 107 34 79 79
121 200000 | 120 37 85 85
107 200000 | 107 36 71 71
147 200000 | 146 49 99 99
123 200000 | 121 42 83 83
117 200000 | 116 42 76 76
124 200000 | 122 38 88 88
116 200000 | 114 47 71 71
112 200000 | 111 39 74 74
133 200000 | 133 44 89 89
124 200000 | 121 35 92 92
131 200000 | 129 46 87 87
122 200000 | 118 44 82 82
122 200000 | 120 40 84 84
112 200000 | 111 40 73 73
122 200000 | 122 33 89 89
137 200000 | 134 49 91 91
127 200000 | 125 44 85 85
117 200000 | 115 46 73 73
108 200000 | 108 41 67 67
130 200000 | 129 46 85 85
119 200000 | 118 49 71 71
108 200000 | 108 37 71 71
124 200000 | 123 42 83 83
126 200000 | 125 42 85 85
127 200000 | 126 44 84 84
107 200000 | 106 42 66 66
122 200000 | 121 42 81 81
128 200000 | 127 42 87 87
111 200000 | 110 30 82 82
120 200000 | 118 43 79 79
103 200000 | 102 30 74 74
112 200000 | 112 41 71 71
137 200000 | 133 54 87 87
132 200000 | 129 51 84 84
132 200000 | 132 47 85 85
110 200000 | 109 34 77 77
132 200000 | 129 43 92 92
128 200000 | 127 41 88 88
129 200000 | 128 30 100 100
136 200000 | 135 48 89 89
131 200000 | 130 42 90 90
123 200000 | 121 41 84 84
117 200000 | 116 45 73 73
113 200000 | 111 39 76 76
134 200000 | 132 36 100 100
117 200000 | 115 42 77 77
115 200000 | 115 29 86 86
130 200000 | 129 44 87 87
106 200000 | 106 38 68 68
115 200000 | 115 45 70 70
136 200000 | 133 52 87 87
130 200000 | 129 45 86 86
119 200000 | 118 39 81 81
107 200000 | 106 32 76 76
128 200000 | 126 43 87 87
117 200000 | 113 47 74 74
102 200000 | 102 43 59 59
116 200000 | 116 26 90 90
138 200000 | 138 35 103 103
115 200000 | 115 43 72 72
117 200000 | 116 51 67 67
126 200000 | 124 46 82 82
116 200000 | 116 38 78 78
120 200000 | 119 35 86 86
112 200000 | 111 35 78 78
109 200000 | 109 38 71 71
142 200000 | 141 57 86 86
120 200000 | 115 42 83 83
113 200000 | 112 42 72 72
110 200000 | 110 36 74 74
118 200000 | 117 43 76 76
117 200000 | 117 36 81 81
107 200000 | 105 32 77 77
124 200000 | 121 41 86 86
128 200000 | 128 50 78 78
119 200000 | 119 43 76 76
119 200000 | 118 32 88 88
107 200000 | 107 28 79 79
114 200000 | 113 43 72 72
117 200000 | 116 47 71 71
128 200000 | 128 48 80 80
129 200000 | 126 38 94 94
131 200000 | 130 48 84 84
122 200000 | 121 40 83 83
115 200000 | 114 39 77 77
124 200000 | 123 36 89 89
141 200000 | 139 54 89 89
104 200000 | 103 35 70 70
132 200000 | 130 40 94 94
144 200000 | 143 51 94 94
112 200000 | 111 40 73 73
107 200000 | 105 39 70 70
122 200000 | 122 46 76 76
118 200000 | 116 51 69 69
135 200000 | 133 47 90 90
126 200000 | 125 41 86 86
121 200000 | 120 41 81 81
107 200000 | 106 35 73 73
99 200000 | 96 34 68 68
111 200000 | 109 32 81 81
130 200000 | 130 42 88 88
112 200000 | 112 38 74 74
116 200000 | 116 36 80 80
114 200000 | 112 38 78 78
135 200000 | 132 44 94 94
135 200000 | 132 50 88 88
122 200000 | 121 38 85 85
124 200000 | 123 40 85 85
112 200000 | 112 44 68 68
120 200000 | 118 39 83 83
112 200000 | 109 39 76 76
118 200000 | 116 38 82 82
125 200000 | 125 45 80 80
118 200000 | 118 41 77 77
123 200000 | 120 47 79 79
149 200000 | 144 49 105 105
138 200000 | 137 39 100 100
129 200000 | 127 44 87 87
101 200000 | 101 36 65 65
108 200000 | 107 43 66 66
98 200000 | 98 33 65 65
119 200000 | 118 41 79 79
115 200000 | 115 34 81 81
134 200000 | 133 42 93 93
132 200000 | 131 34 99 99
120 200000 | 117 45 78 78
105 200000 | 101 34 75 75
142 200000 | 141 57 86 86
135 200000 | 133 41 96 96
147 200000 | 146 49 99 99
132 200000 | 131 53 80 80
125 200000 | 123 43 84 84
104 200000 | 103 33 72 72
119 200000 | 116 44 78 78
120 200000 | 120 33 87 87
116 200000 | 116 37 79 79
110 200000 | 110 31 79 79
135 200000 | 134 53 83 83
125 200000 | 123 44 83 83
120 200000 | 118 43 79 79
132 200000 | 132 42 90 90
132 200000 | 131 51 82 82
149 200000 | 149 53 96 96
128 200000 | 127 38 91 91
112 200000 | 111 33 80 80
128 200000 | 127 43 86 86
128 200000 | 126 44 86 86
130 200000 | 129 42 89 89
110 200000 | 107 47 66 66
115 200000 | 114 40 76 76
110 200000 | 109 45 66 66
101 200000 | 101 30 71 71
133 200000 | 133 46 87 87
105 200000 | 103 37 70 70
122 200000 | 122 43 79 79
118 200000 | 118 42 76 76
131 200000 | 131 42 89 89
146 200000 | 144 59 89 89
110 200000 | 109 38 73 73
118 200000 | 117 38 81 81
104 200000 | 103 38 67 67
119 200000 | 118 45 75 75
128 200000 | 126 51 79 79
121 200000 | 120 47 75 75
118 200000 | 117 39 80 80
121 200000 | 121 43 78 78
128 200000 | 128 46 82 82
109 200000 | 108 31 79 79
126 200000 | 124 50 78 78
137 200000 | 136 47 91 91
120 200000 | 118 36 86 86
118 200000 | 114 41 81 81
116 200000 | 115 47 70 70
127 200000 | 125 50 79 79
114 200000 | 114 45 69 69
116 200000 | 115 41 76 76
128 200000 | 127 41 88 88
122 200000 | 122 34 88 88
134 200000 | 134 40 94 94
127 200000 | 125 49 80 80
141 200000 | 141 49 92 92
130 200000 | 128 43 89 89
115 200000 | 114 45 71 71
116 200000 | 114 39 79 79
133 200000 | 131 42 93 93
103 200000 | 102 27 77 77
124 200000 | 123 50 75 75
104 200000 | 104 40 64 64
119 200000 | 119 38 81 81
130 200000 | 130 48 82 82
125 200000 | 123 36 91 91
108 200000 | 106 31 79 79
97 200000 | 97 42 55 55
113 200000 | 113 33 80 80
127 200000 | 124 50 80 80
129 200000 | 129 50 79 79
128 200000 | 127 46 83 83
108 200000 | 106 33 77 77
101 200000 | 98 41 63 63
113 200000 | 112 38 76 76
128 200000 | 127 45 84 84
116 200000 | 114 39 79 79
123 200000 | 123 47 76 76
124 200000 | 123 39 86 86
116 200000 | 116 30 86 86
132 200000 | 130 38 96 96
116 200000 | 113 45 74 74
131 200000 | 131 37 94 94
102 200000 | 101 30 73 73
111 200000 | 108 43 71 71
127 200000 | 125 49 80 80
112 200000 | 110 43 71 71
110 200000 | 109 39 72 72
106 200000 | 103 40 69 69
138 200000 | 136 57 83 83
119 200000 | 118 33 87 87
120 200000 | 119 43 78 78
128 200000 | 126 38 92 92
115 200000 | 114 41 75 75
131 200000 | 130 33 99 99
122 200000 | 119 34 91 91
132 200000 | 129 48 87 87
127 200000 | 125 34 95 95
111 200000 | 111 31 80 80
131 200000 | 128 46 88 88
127 200000 | 125 42 87 87
103 200000 | 99 41 66 66
131 200000 | 130 42 90 90
123 200000 | 122 33 91 91
112 200000 | 110 42 72 72
124 200000 | 123 43 82 82
115 200000 | 115 37 78 78
134 200000 | 134 47 87 87
117 200000 | 117 38 79 79
123 200000 | 122 46 78 78
121 200000 | 119 43 80 80
117 200000 | 117 41 76 76
136 200000 | 136 40 96 96
125 200000 | 125 33 92 92
125 200000 | 124 47 79 79
119 200000 | 117 38 83 83
125 200000 | 121 48 81 81
116 200000 | 116 45 71 71
128 200000 | 128 36 92 92
117 200000 | 115 43 76 76
114 200000 | 113 35 80 80
115 200000 | 114 35 81 81
113 200000 | 112 34 80 80
127 200000 | 126 43 85 85
132 200000 | 132 45 87 87
133 200000 | 133 42 91 91
131 200000 | 130 43 89 89
129 200000 | 127 50 81 81
117 200000 | 116 42 76 76
109 200000 | 109 40 69 69
117 200000 | 115 47 72 72
127 200000 | 125 46 83 83
109 200000 | 109 36 73 73
137 200000 | 137 45 92 92
129 200000 | 128 44 86 86
116 200000 | 113 34 85 85
145 200000 | 145 50 95 95
135 200000 | 135 56 79 79
104 200000 | 99 37 72 72
116 200000 | 115 37 80 80
135 200000 | 134 49 87 87
109 200000 | 108 41 69 69
128 200000 | 128 39 89 89
139 200000 | 137 55 86 86
119 200000 | 114 41 83 83
115 200000 | 112 42 76 76
137 200000 | 137 42 95 95
118 200000 | 118 42 76 76
117 200000 | 117 42 75 75
124 200000 | 122 40 86 86
116 200000 | 115 40 77 77
114 200000 | 113 35 80 80
