12 200000 | 9 12 3 3
11 200000 | 8 11 3 3
9 200000 | 7 9 2 2
8 200000 | 7 8 1 1
10 200000 | 10 10 0 0
17 200000 | 14 17 3 3
10 200000 | 9 10 1 1
11 200000 | 9 10 3 3
13 200000 | 12 10 4 4
4 200000 | 4 4 0 0
9 200000 | 6 9 3 3
8 200000 | 8 7 1 1
9 200000 | 7 8 3 3
8 200000 | 7 8 1 1
9 200000 | 7 9 2 2
8 200000 | 7 8 1 1
13 200000 | 10 13 3 3
11 200000 | 8 11 3 3
8 200000 | 7 8 1 1
10 200000 | 10 10 0 0
10 200000 | 7 10 3 3
12 200000 | 11 12 1 1
15 200000 | 14 15 1 1
10 200000 | 9 9 2 2
9 200000 | 9 9 0 0
11 200000 | 9 11 2 2
12 200000 | 9 11 4 4
16 200000 | 10 16 6 6
13 200000 | 11 13 2 2
14 200000 | 12 14 2 2
11 200000 | 9 11 2 2
11 200000 | 10 10 2 2
9 200000 | 7 8 3 3
12 200000 | 11 12 1 1
13 200000 | 11 13 2 2
9 200000 | 7 9 2 2
9 200000 | 8 8 2 2
4 200000 | 4 4 0 0
11 200000 | 11 11 0 0
7 200000 | 5 7 2 2
6 200000 | 6 5 1 1
7 200000 | 6 7 1 1
10 200000 | 9 10 1 1
9 200000 | 6 9 3 3
9 200000 | 7 9 2 2
15 200000 | 11 15 4 4
9 200000 | 7 9 2 2
8 200000 | 8 8 0 0
10 200000 | 9 9 2 2
7 200000 | 6 7 1 1
14 200000 | 8 14 6 6
4 200000 | 4 4 0 0
4 200000 | 3 4 1 1
4 200000 | 4 4 0 0
12 200000 | 9 12 3 3
12 200000 | 11 12 1 1
6 200000 | 6 6 0 0
6 200000 | 6 5 1 1
15 200000 | 12 15 3 3
5 200000 | 5 4 1 1
17 200000 | 15 16 3 3
9 200000 | 7 9 2 2
9 200000 | 7 9 2 2
9 200000 | 5 9 4 4
10 200000 | 9 10 1 1
7 200000 | 6 7 1 1
14 200000 | 12 13 3 3
10 200000 | 5 9 6 6
5 200000 | 4 5 1 1
18 200000 | 13 18 5 5
14 200000 | 12 14 2 2
14 200000 | 10 14 4 4
17 200000 | 12 17 5 5
12 200000 | 11 12 1 1
12 200000 | 10 12 2 2
10 200000 | 7 10 3 3
9 200000 | 9 8 1 1
10 200000 | 7 10 3 3
11 200000 | 9 11 2 2
9 200000 | 8 9 1 1
10 200000 | 8 10 2 2
14 200000 | 10 14 4 4
12 200000 | 9 12 3 3
14 200000 | 11 14 3 3
16 200000 | 15 16 1 1
10 200000 | 8 10 2 2
10 200000 | 6 10 4 4
14 200000 | 13 14 1 1
9 200000 | 6 9 3 3
7 200000 | 7 7 0 0
5 200000 | 4 5 1 1
7 200000 | 2 7 5 5
13 200000 | 11 13 2 2
14 200000 | 11 14 3 3
13 200000 | 11 11 4 4
10 200000 | 5 10 5 5
11 200000 | 8 11 3 3
7 200000 | 4 7 3 3
19 200000 | 17 19 2 2
11 200000 | 10 11 1 1
8 200000 | 7 8 1 1
8 200000 | 6 8 2 2
4 200000 | 4 4 0 0
15 200000 | 12 15 3 3
4 200000 | 4 4 0 0
12 200000 | 12 11 1 1
16 200000 | 14 16 2 2
14 200000 | 10 14 4 4
9 200000 | 8 9 1 1
16 200000 | 15 16 1 1
15 200000 | 14 15 1 1
15 200000 | 9 14 7 7
14 200000 | 10 14 4 4
17 200000 | 14 17 3 3
9 200000 | 7 8 3 3
12 200000 | 10 11 3 3
10 200000 | 8 10 2 2
10 200000 | 8 10 2 2
9 200000 | 9 9 0 0
5 200000 | 5 5 0 0
10 200000 | 8 10 2 2
11 200000 | 10 11 1 1
12 200000 | 11 12 1 1
8 200000 | 8 8 0 0
10 200000 | 10 9 1 1
11 200000 | 9 10 3 3
15 200000 | 10 15 5 5
10 200000 | 7 10 3 3
16 200000 | 12 16 4 4
10 200000 | 8 9 3 3
14 200000 | 11 14 3 3
10 200000 | 8 10 2 2
11 200000 | 8 11 3 3
10 200000 | 10 10 0 0
18 200000 | 15 18 3 3
10 200000 | 9 10 1 1
15 200000 | 14 15 1 1
6 200000 | 6 6 0 0
11 200000 | 9 11 2 2
10 200000 | 8 10 2 2
17 200000 | 15 17 2 2
9 200000 | 7 9 2 2
17 200000 | 13 17 4 4
14 200000 | 13 14 1 1
14 200000 | 10 14 4 4
4 200000 | 4 4 0 0
9 200000 | 9 9 0 0
4 200000 | 4 4 0 0
17 200000 | 10 17 7 7
7 200000 | 3 7 4 4
7 200000 | 3 7 4 4
6 200000 | 5 6 1 1
