167 200000 | 47 167 120 120
182 200000 | 62 182 120 120
189 200000 | 57 189 132 132
173 200000 | 57 173 116 116
187 200000 | 77 187 110 110
154 200000 | 48 154 106 106
187 200000 | 65 186 123 123
205 200000 | 78 205 127 127
179 200000 | 47 179 132 132
190 200000 | 67 190 123 123
192 200000 | 68 192 124 124
197 200000 | 88 196 110 110
176 200000 | 67 176 109 109
182 200000 | 62 182 120 120
183 200000 | 62 183 121 121
169 200000 | 52 169 117 117
172 200000 | 66 172 106 106
171 200000 | 54 171 117 117
180 200000 | 53 180 127 127
171 200000 | 55 171 116 116
198 200000 | 59 198 139 139
201 200000 | 80 201 121 121
171 200000 | 60 171 111 111
187 200000 | 76 186 112 112
190 200000 | 64 190 126 126
178 200000 | 58 178 120 120
180 200000 | 62 180 118 118
179 200000 | 66 179 113 113
170 200000 | 56 170 114 114
185 200000 | 65 185 120 120
172 200000 | 58 171 115 115
172 200000 | 65 172 107 107
206 200000 | 66 206 140 140
200 200000 | 73 200 127 127
170 200000 | 60 170 110 110
166 200000 | 55 165 112 112
180 200000 | 76 179 105 105
193 200000 | 55 193 138 138
188 200000 | 68 188 120 120
190 200000 | 62 189 129 129
163 200000 | 51 163 112 112
186 200000 | 51 184 137 137
198 200000 | 67 198 131 131
153 200000 | 35 153 118 118
187 200000 | 58 186 130 130
190 200000 | 65 190 125 125
163 200000 | 60 163 103 103
175 200000 | 61 175 114 114
159 200000 | 49 159 110 110
175 200000 | 69 175 106 106
184 200000 | 55 184 129 129
195 200000 | 58 195 137 137
177 200000 | 59 177 118 118
174 200000 | 62 174 112 112
180 200000 | 68 179 113 113
195 200000 | 51 195 144 144
196 200000 | 64 195 133 133
156 200000 | 57 156 99 99
179 200000 | 69 177 112 112
208 200000 | 77 208 131 131
173 200000 | 57 173 116 116
169 200000 | 55 169 114 114
181 200000 | 62 181 119 119
182 200000 | 58 182 124 124
195 200000 | 72 195 123 123
164 200000 | 62 164 102 102
165 200000 | 54 165 111 111
183 200000 | 55 183 128 128
168 200000 | 63 168 105 105
174 200000 | 55 174 119 119
172 200000 | 54 172 118 118
177 200000 | 55 176 123 123
188 200000 | 65 188 123 123
173 200000 | 53 173 120 120
171 200000 | 65 170 107 107
188 200000 | 61 188 127 127
191 200000 | 59 191 132 132
172 200000 | 51 172 121 121
156 200000 | 62 156 94 94
197 200000 | 63 196 135 135
185 200000 | 61 185 124 124
174 200000 | 52 174 122 122
176 200000 | 66 174 112 112
191 200000 | 65 191 126 126
172 200000 | 52 172 120 120
164 200000 | 53 164 111 111
176 200000 | 69 176 107 107
178 200000 | 51 178 127 127
164 200000 | 52 163 113 113
166 200000 | 57 166 109 109
185 200000 | 67 185 118 118
196 200000 | 70 195 127 127
145 200000 | 53 145 92 92
179 200000 | 66 179 113 113
172 200000 | 55 172 117 117
170 200000 | 41 170 129 129
173 200000 | 63 173 110 110
194 200000 | 57 194 137 137
167 200000 | 67 167 100 100
204 200000 | 76 203 129 129
177 200000 | 53 177 124 124
167 200000 | 51 167 116 116
181 200000 | 68 179 115 115
183 200000 | 48 183 135 135
203 200000 | 73 202 131 131
182 200000 | 63 181 120 120
190 200000 | 57 190 133 133
187 200000 | 56 187 131 131
179 200000 | 62 179 117 117
182 200000 | 68 182 114 114
179 200000 | 70 179 109 109
158 200000 | 50 158 108 108
168 200000 | 56 168 112 112
204 200000 | 65 203 140 140
172 200000 | 52 172 120 120
197 200000 | 69 197 128 128
164 200000 | 64 164 100 100
190 200000 | 58 190 132 132
169 200000 | 65 169 104 104
176 200000 | 64 176 112 112
174 200000 | 59 174 115 115
168 200000 | 54 168 114 114
203 200000 | 70 203 133 133
182 200000 | 58 182 124 124
174 200000 | 61 173 114 114
188 200000 | 61 188 127 127
188 200000 | 60 188 128 128
191 200000 | 61 191 130 130
172 200000 | 73 172 99 99
177 200000 | 67 176 111 111
172 200000 | 57 172 115 115
164 200000 | 62 163 103 103
162 200000 | 57 161 106 106
200 200000 | 67 200 133 133
211 200000 | 81 210 131 131
181 200000 | 52 181 129 129
164 200000 | 59 163 106 106
175 200000 | 65 175 110 110
173 200000 | 64 173 109 109
191 200000 | 76 190 116 116
155 200000 | 70 154 86 86
174 200000 | 53 174 121 121
172 200000 | 59 172 113 113
170 200000 | 59 170 111 111
196 200000 | 81 195 116 116
174 200000 | 68 173 107 107
174 200000 | 55 173 120 120
161 200000 | 68 160 94 94
183 200000 | 69 183 114 114
173 200000 | 58 172 116 116
164 200000 | 63 164 101 101
188 200000 | 54 188 134 134
162 200000 | 60 162 102 102
160 200000 | 50 160 110 110
189 200000 | 58 189 131 131
166 200000 | 43 165 124 124
176 200000 | 65 176 111 111
163 200000 | 46 163 117 117
194 200000 | 59 194 135 135
194 200000 | 64 194 130 130
182 200000 | 67 182 115 115
196 200000 | 56 196 140 140
196 200000 | 63 196 133 133
171 200000 | 56 171 115 115
159 200000 | 60 158 100 100
199 200000 | 61 198 139 139
198 200000 | 55 198 143 143
177 200000 | 68 177 109 109
179 200000 | 55 179 124 124
195 200000 | 57 195 138 138
164 200000 | 55 163 110 110
162 200000 | 54 162 108 108
192 200000 | 64 192 128 128
194 200000 | 64 194 130 130
201 200000 | 63 199 140 140
188 200000 | 68 188 120 120
175 200000 | 53 175 122 122
178 200000 | 63 176 117 117
171 200000 | 75 170 97 97
186 200000 | 65 186 121 121
184 200000 | 64 183 121 121
205 200000 | 71 205 134 134
175 200000 | 65 175 110 110
189 200000 | 65 188 125 125
194 200000 | 68 192 128 128
169 200000 | 60 169 109 109
177 200000 | 67 177 110 110
176 200000 | 60 176 116 116
175 200000 | 47 175 128 128
181 200000 | 58 181 123 123
193 200000 | 65 193 128 128
193 200000 | 66 193 127 127
178 200000 | 57 178 121 121
163 200000 | 50 163 113 113
177 200000 | 53 177 124 124
165 200000 | 48 165 117 117
165 200000 | 54 165 111 111
172 200000 | 57 171 116 116
170 200000 | 54 170 116 116
206 200000 | 60 206 146 146
182 200000 | 54 182 128 128
175 200000 | 53 175 122 122
182 200000 | 60 181 123 123
177 200000 | 57 177 120 120
173 200000 | 51 173 122 122
215 200000 | 66 214 150 150
184 200000 | 70 184 114 114
180 200000 | 67 180 113 113
190 200000 | 71 189 120 120
180 200000 | 65 179 116 116
175 200000 | 62 175 113 113
187 200000 | 68 186 120 120
179 200000 | 48 179 131 131
170 200000 | 56 169 115 115
158 200000 | 54 156 106 106
189 200000 | 50 188 140 140
190 200000 | 69 189 122 122
196 200000 | 71 196 125 125
181 200000 | 57 181 124 124
169 200000 | 42 169 127 127
166 200000 | 59 166 107 107
188 200000 | 65 186 125 125
183 200000 | 62 183 121 121
177 200000 | 58 177 119 119
206 200000 | 69 205 138 138
183 200000 | 63 183 120 120
194 200000 | 73 193 122 122
158 200000 | 52 158 106 106
175 200000 | 57 174 119 119
195 200000 | 69 194 127 127
195 200000 | 67 194 129 129
182 200000 | 67 182 115 115
197 200000 | 65 197 132 132
183 200000 | 66 182 118 118
198 200000 | 68 198 130 130
181 200000 | 60 181 121 121
198 200000 | 69 198 129 129
161 200000 | 61 161 100 100
202 200000 | 57 201 146 146
186 200000 | 49 186 137 137
181 200000 | 58 180 124 124
166 200000 | 60 166 106 106
200 200000 | 63 200 137 137
187 200000 | 69 187 118 118
178 200000 | 65 178 113 113
184 200000 | 66 182 120 120
178 200000 | 60 178 118 118
192 200000 | 58 192 134 134
153 200000 | 46 153 107 107
172 200000 | 60 171 113 113
173 200000 | 64 173 109 109
157 200000 | 48 157 109 109
163 200000 | 44 162 120 120
199 200000 | 80 197 121 121
167 200000 | 48 167 119 119
181 200000 | 71 180 111 111
196 200000 | 68 196 128 128
172 200000 | 60 171 113 113
196 200000 | 69 196 127 127
177 200000 | 59 177 118 118
165 200000 | 54 164 112 112
179 200000 | 60 179 119 119
174 200000 | 62 172 114 114
171 200000 | 51 171 120 120
167 200000 | 59 167 108 108
181 200000 | 63 181 118 118
168 200000 | 51 168 117 117
196 200000 | 62 196 134 134
180 200000 | 62 180 118 118
198 200000 | 83 198 115 115
147 200000 | 42 147 105 105
194 200000 | 59 194 135 135
183 200000 | 54 183 129 129
173 200000 | 50 173 123 123
160 200000 | 43 160 117 117
196 200000 | 59 195 138 138
173 200000 | 64 172 110 110
186 200000 | 60 186 126 126
