524 200000 | 396 393 259 259
532 200000 | 406 405 253 253
529 200000 | 380 388 290 290
487 200000 | 351 364 259 259
526 200000 | 388 383 281 281
511 200000 | 389 380 253 253
513 200000 | 382 379 265 265
505 200000 | 379 367 264 264
460 200000 | 334 347 239 239
544 200000 | 395 394 299 299
489 200000 | 377 364 237 237
528 200000 | 394 402 260 260
500 200000 | 376 389 235 235
510 200000 | 377 386 257 257
534 200000 | 406 407 255 255
494 200000 | 364 366 258 258
512 200000 | 386 395 243 243
487 200000 | 334 370 270 270
569 200000 | 442 413 283 283
494 200000 | 365 364 259 259
522 200000 | 388 390 266 266
563 200000 | 419 407 300 300
499 200000 | 384 371 243 243
530 200000 | 409 392 259 259
483 200000 | 365 355 246 246
501 200000 | 369 362 271 271
520 200000 | 381 391 268 268
487 200000 | 375 374 225 225
524 200000 | 393 384 271 271
534 200000 | 400 399 269 269
525 200000 | 387 410 253 253
472 200000 | 355 348 241 241
492 200000 | 374 377 233 233
522 200000 | 396 404 244 244
507 200000 | 385 372 257 257
532 200000 | 389 392 283 283
512 200000 | 385 388 251 251
537 200000 | 417 394 263 263
528 200000 | 387 397 272 272
544 200000 | 420 410 258 258
543 200000 | 413 408 265 265
523 200000 | 379 391 276 276
518 200000 | 396 393 247 247
479 200000 | 353 365 240 240
523 200000 | 398 392 256 256
533 200000 | 400 409 257 257
506 200000 | 361 372 279 279
488 200000 | 359 359 258 258
517 200000 | 380 389 265 265
517 200000 | 385 393 256 256
549 200000 | 410 402 286 286
524 200000 | 390 403 255 255
522 200000 | 369 399 276 276
504 200000 | 371 373 264 264
554 200000 | 412 424 272 272
507 200000 | 380 386 248 248
456 200000 | 349 347 216 216
528 200000 | 403 403 250 250
493 200000 | 381 383 222 222
493 200000 | 345 385 256 256
489 200000 | 381 362 235 235
518 200000 | 398 393 245 245
493 200000 | 361 382 243 243
538 200000 | 398 375 303 303
530 200000 | 404 396 260 260
579 200000 | 425 440 293 293
555 200000 | 408 415 287 287
548 200000 | 406 412 278 278
526 200000 | 408 390 254 254
524 200000 | 385 387 276 276
503 200000 | 368 385 253 253
506 200000 | 369 386 257 257
521 200000 | 380 401 261 261
521 200000 | 399 373 270 270
520 200000 | 377 388 275 275
537 200000 | 396 408 270 270
537 200000 | 393 406 275 275
529 200000 | 387 417 254 254
554 200000 | 408 399 301 301
535 200000 | 402 390 278 278
516 200000 | 388 381 263 263
523 200000 | 390 395 261 261
522 200000 | 390 408 246 246
490 200000 | 365 364 251 251
543 200000 | 412 414 260 260
554 200000 | 425 426 257 257
493 200000 | 352 375 259 259
514 200000 | 391 389 248 248
553 200000 | 422 411 273 273
524 200000 | 398 392 258 258
498 200000 | 371 378 247 247
527 200000 | 399 402 253 253
539 200000 | 405 408 265 265
557 200000 | 428 427 259 259
512 200000 | 376 381 267 267
496 200000 | 371 371 250 250
522 200000 | 395 369 280 280
