3 200000 | 3 1 2 2
3 200000 | 2 2 2 2
8 200000 | 8 5 3 3
4 200000 | 4 3 1 1
3 200000 | 3 3 0 0
6 200000 | 6 5 1 1
4 200000 | 4 3 1 1
8 200000 | 8 4 4 4
7 200000 | 7 4 3 3
5 200000 | 5 4 1 1
3 200000 | 3 2 1 1
2 200000 | 2 2 0 0
9 200000 | 9 7 2 2
4 200000 | 4 2 2 2
3 200000 | 3 2 1 1
4 200000 | 4 3 1 1
7 200000 | 7 6 1 1
3 200000 | 3 2 1 1
7 200000 | 7 3 4 4
3 200000 | 3 2 1 1
11 200000 | 11 8 3 3
6 200000 | 6 4 2 2
4 200000 | 4 2 2 2
6 200000 | 6 6 0 0
7 200000 | 7 5 2 2
6 200000 | 6 6 0 0
4 200000 | 4 4 0 0
1 200000 | 1 1 0 0
3 200000 | 3 1 2 2
5 200000 | 5 3 2 2
5 200000 | 5 5 0 0
7 200000 | 7 6 1 1
2 200000 | 2 2 0 0
7 200000 | 7 3 4 4
7 200000 | 7 6 1 1
8 200000 | 8 4 4 4
5 200000 | 5 3 2 2
6 200000 | 6 2 4 4
5 200000 | 5 4 1 1
8 200000 | 8 5 3 3
9 200000 | 8 7 3 3
3 200000 | 3 3 0 0
2 200000 | 2 2 0 0
4 200000 | 4 4 0 0
4 200000 | 3 4 1 1
11 200000 | 11 6 5 5
7 200000 | 7 7 0 0
8 200000 | 8 3 5 5
2 200000 | 2 1 1 1
3 200000 | 3 3 0 0
5 200000 | 5 3 2 2
2 200000 | 2 2 0 0
6 200000 | 6 2 4 4
8 200000 | 7 5 4 4
4 200000 | 4 3 1 1
8 200000 | 8 6 2 2
5 200000 | 5 2 3 3
3 200000 | 3 2 1 1
7 200000 | 7 7 0 0
3 200000 | 3 2 1 1
2 200000 | 2 2 0 0
9 200000 | 9 7 2 2
6 200000 | 6 4 2 2
8 200000 | 8 4 4 4
4 200000 | 4 1 3 3
7 200000 | 7 6 1 1
5 200000 | 5 4 1 1
3 200000 | 3 3 0 0
2 200000 | 2 2 0 0
8 200000 | 8 7 1 1
5 200000 | 5 3 2 2
4 200000 | 4 1 3 3
5 200000 | 5 3 2 2
7 200000 | 7 5 2 2
7 200000 | 7 3 4 4
5 200000 | 5 3 2 2
3 200000 | 3 3 0 0
13 200000 | 11 10 5 5
9 200000 | 9 4 5 5
6 200000 | 6 3 3 3
5 200000 | 5 5 0 0
2 200000 | 2 1 1 1
4 200000 | 4 1 3 3
4 200000 | 4 2 2 2
7 200000 | 7 5 2 2
3 200000 | 3 0 3 3
8 200000 | 8 6 2 2
3 200000 | 3 2 1 1
1 200000 | 1 1 0 0
3 200000 | 3 3 0 0
8 200000 | 8 4 4 4
6 200000 | 6 4 2 2
4 200000 | 4 3 1 1
6 200000 | 6 3 3 3
4 200000 | 4 2 2 2
7 200000 | 7 5 2 2
5 200000 | 5 4 1 1
9 200000 | 9 5 4 4
7 200000 | 7 6 1 1
5 200000 | 5 4 1 1
10 200000 | 10 6 4 4
3 200000 | 3 2 1 1
4 200000 | 4 3 1 1
4 200000 | 4 2 2 2
3 200000 | 3 2 1 1
2 200000 | 2 2 0 0
5 200000 | 5 5 0 0
5 200000 | 5 5 0 0
8 200000 | 8 4 4 4
4 200000 | 4 4 0 0
2 200000 | 2 2 0 0
5 200000 | 5 5 0 0
7 200000 | 7 4 3 3
5 200000 | 5 4 1 1
11 200000 | 11 8 3 3
3 200000 | 3 3 0 0
9 200000 | 9 7 2 2
1 200000 | 1 1 0 0
4 200000 | 4 4 0 0
5 200000 | 5 3 2 2
8 200000 | 8 6 2 2
1 200000 | 1 0 1 1
3 200000 | 3 2 1 1
7 200000 | 7 7 0 0
6 200000 | 6 4 2 2
7 200000 | 7 7 0 0
4 200000 | 4 2 2 2
2 200000 | 2 1 1 1
5 200000 | 5 4 1 1
6 200000 | 5 4 3 3
9 200000 | 9 6 3 3
5 200000 | 5 4 1 1
4 200000 | 4 3 1 1
2 200000 | 2 1 1 1
2 200000 | 2 1 1 1
7 200000 | 7 6 1 1
4 200000 | 4 3 1 1
5 200000 | 5 1 4 4
8 200000 | 8 6 2 2
3 200000 | 3 2 1 1
7 200000 | 7 6 1 1
6 200000 | 6 6 0 0
9 200000 | 9 8 1 1
5 200000 | 5 4 1 1
5 200000 | 5 2 3 3
10 200000 | 10 8 2 2
4 200000 | 4 3 1 1
6 200000 | 5 4 3 3
10 200000 | 10 7 3 3
2 200000 | 2 2 0 0
4 200000 | 4 2 2 2
5 200000 | 5 2 3 3
3 200000 | 3 2 1 1
9 200000 | 9 6 3 3
8 200000 | 8 7 1 1
2 200000 | 2 1 1 1
7 200000 | 7 7 0 0
7 200000 | 7 6 1 1
6 200000 | 6 5 1 1
6 200000 | 6 4 2 2
1 200000 | 1 1 0 0
6 200000 | 6 5 1 1
3 200000 | 3 2 1 1
5 200000 | 5 3 2 2
2 200000 | 2 1 1 1
5 200000 | 5 2 3 3
5 200000 | 5 1 4 4
8 200000 | 8 5 3 3
1 200000 | 1 1 0 0
8 200000 | 8 4 4 4
6 200000 | 6 3 3 3
5 200000 | 4 2 4 4
7 200000 | 7 5 2 2
8 200000 | 8 3 5 5
8 200000 | 8 6 2 2
3 200000 | 3 2 1 1
8 200000 | 8 7 1 1
4 200000 | 4 3 1 1
2 200000 | 2 1 1 1
5 200000 | 5 1 4 4
5 200000 | 5 2 3 3
4 200000 | 4 2 2 2
6 200000 | 6 4 2 2
9 200000 | 9 7 2 2
5 200000 | 5 5 0 0
9 200000 | 8 3 7 7
3 200000 | 2 3 1 1
6 200000 | 6 3 3 3
3 200000 | 3 2 1 1
9 200000 | 9 8 1 1
4 200000 | 4 3 1 1
8 200000 | 8 6 2 2
5 200000 | 5 4 1 1
2 200000 | 2 1 1 1
6 200000 | 6 5 1 1
6 200000 | 6 5 1 1
7 200000 | 7 6 1 1
3 200000 | 3 2 1 1
5 200000 | 5 2 3 3
7 200000 | 7 6 1 1
2 200000 | 2 1 1 1
7 200000 | 7 3 4 4
8 200000 | 8 5 3 3
5 200000 | 5 3 2 2
5 200000 | 5 3 2 2
3 200000 | 3 1 2 2
4 200000 | 4 4 0 0
3 200000 | 3 3 0 0
8 200000 | 8 7 1 1
5 200000 | 5 4 1 1
8 200000 | 8 7 1 1
7 200000 | 7 4 3 3
1 200000 | 1 1 0 0
6 200000 | 6 6 0 0
2 200000 | 1 2 1 1
6 200000 | 6 3 3 3
5 200000 | 5 5 0 0
5 200000 | 5 2 3 3
10 200000 | 10 9 1 1
8 200000 | 8 5 3 3
3 200000 | 2 3 1 1
4 200000 | 4 1 3 3
5 200000 | 5 3 2 2
6 200000 | 6 4 2 2
3 200000 | 3 3 0 0
4 200000 | 4 4 0 0
3 200000 | 3 2 1 1
7 200000 | 7 6 1 1
6 200000 | 6 6 0 0
8 200000 | 8 7 1 1
3 200000 | 3 2 1 1
1 200000 | 1 1 0 0
5 200000 | 5 4 1 1
7 200000 | 7 6 1 1
5 200000 | 5 3 2 2
9 200000 | 9 7 2 2
8 200000 | 8 5 3 3
6 200000 | 6 4 2 2
4 200000 | 4 3 1 1
4 200000 | 4 3 1 1
2 200000 | 2 2 0 0
6 200000 | 6 4 2 2
6 200000 | 6 6 0 0
6 200000 | 6 4 2 2
4 200000 | 4 4 0 0
4 200000 | 4 4 0 0
6 200000 | 6 5 1 1
7 200000 | 7 7 0 0
5 200000 | 5 2 3 3
5 200000 | 5 2 3 3
5 200000 | 5 5 0 0
