1226 200000 | 1193 1198 61 61
1236 200000 | 1210 1211 51 51
1289 200000 | 1250 1250 78 78
1253 200000 | 1225 1225 56 56
1254 200000 | 1219 1231 58 58
1296 200000 | 1263 1262 67 67
1243 200000 | 1205 1211 70 70
1254 200000 | 1218 1230 60 60
1314 200000 | 1283 1287 58 58
1258 200000 | 1218 1231 67 67
1256 200000 | 1234 1228 50 50
1265 200000 | 1225 1236 69 69
1270 200000 | 1237 1236 67 67
1203 200000 | 1159 1186 61 61
1281 200000 | 1242 1250 70 70
1293 200000 | 1259 1265 62 62
1310 200000 | 1279 1274 67 67
1298 200000 | 1259 1270 67 67
1299 200000 | 1262 1265 71 71
1273 200000 | 1237 1242 67 67
1236 200000 | 1205 1208 59 59
1317 200000 | 1281 1291 62 62
1260 200000 | 1222 1224 74 74
1289 200000 | 1256 1246 76 76
1309 200000 | 1288 1283 47 47
1339 200000 | 1305 1311 62 62
1348 200000 | 1307 1320 69 69
1272 200000 | 1232 1242 70 70
1253 200000 | 1207 1228 71 71
1244 200000 | 1215 1215 58 58
1247 200000 | 1217 1212 65 65
1256 200000 | 1214 1225 73 73
1344 200000 | 1311 1315 62 62
1277 200000 | 1238 1244 72 72
1169 200000 | 1134 1145 59 59
1226 200000 | 1200 1197 55 55
1314 200000 | 1283 1294 51 51
1277 200000 | 1232 1252 70 70
1162 200000 | 1127 1134 63 63
1230 200000 | 1194 1203 63 63
