561 200000 | 541 243 338 338
568 200000 | 543 231 362 362
579 200000 | 554 253 351 351
572 200000 | 546 252 346 346
539 200000 | 519 229 330 330
528 200000 | 521 225 310 310
576 200000 | 554 258 340 340
559 200000 | 546 244 328 328
524 200000 | 511 204 333 333
535 200000 | 520 217 333 333
525 200000 | 497 226 327 327
562 200000 | 545 239 340 340
545 200000 | 530 232 328 328
563 200000 | 540 243 343 343
562 200000 | 543 234 347 347
591 200000 | 579 239 364 364
564 200000 | 547 227 354 354
579 200000 | 561 239 358 358
603 200000 | 583 267 356 356
558 200000 | 538 232 346 346
562 200000 | 541 228 355 355
562 200000 | 548 265 311 311
563 200000 | 542 231 353 353
527 200000 | 513 217 324 324
574 200000 | 553 258 337 337
527 200000 | 505 227 322 322
521 200000 | 511 231 300 300
584 200000 | 568 240 360 360
526 200000 | 513 192 347 347
604 200000 | 585 241 382 382
575 200000 | 549 253 348 348
565 200000 | 535 249 346 346
568 200000 | 548 239 349 349
555 200000 | 536 231 343 343
533 200000 | 516 235 315 315
554 200000 | 538 255 315 315
530 200000 | 516 209 335 335
553 200000 | 536 228 342 342
559 200000 | 541 202 375 375
554 200000 | 543 218 347 347
568 200000 | 550 236 350 350
577 200000 | 563 253 338 338
550 200000 | 532 237 331 331
537 200000 | 525 219 330 330
519 200000 | 495 224 319 319
581 200000 | 556 259 347 347
564 200000 | 539 249 340 340
539 200000 | 524 201 353 353
574 200000 | 555 241 352 352
578 200000 | 556 225 375 375
537 200000 | 519 224 331 331
561 200000 | 538 228 356 356
577 200000 | 551 248 355 355
561 200000 | 541 230 351 351
553 200000 | 541 226 339 339
581 200000 | 567 238 357 357
552 200000 | 530 237 337 337
601 200000 | 575 261 366 366
582 200000 | 558 228 378 378
570 200000 | 556 253 331 331
564 200000 | 545 245 338 338
549 200000 | 537 221 340 340
593 200000 | 570 252 364 364
533 200000 | 515 224 327 327
498 200000 | 478 200 318 318
588 200000 | 575 267 334 334
541 200000 | 514 248 320 320
557 200000 | 543 220 351 351
568 200000 | 555 231 350 350
531 200000 | 520 219 323 323
572 200000 | 555 252 337 337
569 200000 | 553 217 368 368
592 200000 | 567 246 371 371
501 200000 | 482 214 306 306
525 200000 | 509 213 328 328
570 200000 | 550 231 359 359
569 200000 | 541 238 359 359
514 200000 | 500 223 305 305
585 200000 | 562 256 352 352
545 200000 | 531 223 336 336
598 200000 | 583 240 373 373
541 200000 | 529 239 314 314
533 200000 | 519 212 335 335
565 200000 | 552 232 346 346
567 200000 | 551 223 360 360
561 200000 | 545 232 345 345
556 200000 | 535 219 358 358
564 200000 | 550 244 334 334
539 200000 | 522 219 337 337
556 200000 | 535 219 358 358
