38 187371 | 3 38 35 35
39 187371 | 0 39 39 39
58 187371 | 4 58 54 54
47 187371 | 2 47 45 45
40 187371 | 3 40 37 37
37 187371 | 0 37 37 37
43 187371 | 1 43 42 42
49 187371 | 2 48 48 48
45 200000 | 1 45 44 44
55 200000 | 1 54 55 55
47 200000 | 1 47 46 46
40 200000 | 0 40 40 40
48 200000 | 5 48 43 43
51 200000 | 3 51 48 48
48 200000 | 3 47 46 46
53 200000 | 1 53 52 52
51 200000 | 0 51 51 51
40 200000 | 2 40 38 38
50 200000 | 5 50 45 45
59 200000 | 6 58 54 54
38 200000 | 1 37 38 38
57 200000 | 2 57 55 55
36 200000 | 3 35 34 34
43 200000 | 4 43 39 39
73 300000 | 2 72 72 72
68 300000 | 4 68 64 64
52 300000 | 1 52 51 51
69 300000 | 2 69 67 67
68 300000 | 3 67 66 66
80 300000 | 1 79 80 80
67 300000 | 1 67 66 66
72 300000 | 4 69 71 71
67 300000 | 2 66 66 66
58 300000 | 0 58 58 58
69 300000 | 1 69 68 68
66 300000 | 4 66 62 62
72 300000 | 3 72 69 69
80 300000 | 6 79 75 75
68 300000 | 4 68 64 64
65 300000 | 2 65 63 63
59 300000 | 5 57 56 56
77 300000 | 3 77 74 74
61 300000 | 3 60 59 59
68 300000 | 3 67 66 66
52 300000 | 2 52 50 50
82 300000 | 5 81 78 78
73 300000 | 4 73 69 69
68 300000 | 4 66 66 66
61 300000 | 3 61 58 58
71 300000 | 1 71 70 70
69 300000 | 3 68 67 67
63 300000 | 5 62 59 59
69 300000 | 2 69 67 67
74 300000 | 3 73 72 72
86 300000 | 1 86 85 85
70 300000 | 1 70 69 69
66 300000 | 1 66 65 65
71 300000 | 6 71 65 65
64 300000 | 2 62 64 64
72 300000 | 3 72 69 69
69 300000 | 4 67 67 67
70 300000 | 5 68 67 67
67 300000 | 4 66 64 64
84 300000 | 2 83 83 83
73 300000 | 6 72 68 68
78 300000 | 2 76 78 78
62 300000 | 1 62 61 61
61 300000 | 0 61 61 61
62 300000 | 3 61 60 60
66 300000 | 5 65 62 62
65 300000 | 3 63 64 64
73 300000 | 0 73 73 73
65 300000 | 0 65 65 65
70 300000 | 3 68 69 69
78 300000 | 6 76 74 74
64 300000 | 4 64 60 60
68 300000 | 1 68 67 67
72 300000 | 3 71 70 70
63 300000 | 3 62 61 61
67 300000 | 6 65 63 63
52 300000 | 2 52 50 50
67 300000 | 3 67 64 64
80 300000 | 3 79 78 78
63 300000 | 1 63 62 62
77 300000 | 2 76 76 76
58 300000 | 4 57 55 55
