1329 200000 | 1286 687 685 685
1324 200000 | 1283 658 707 707
1421 200000 | 1363 742 737 737
1379 200000 | 1331 701 726 726
1307 200000 | 1270 700 644 644
1371 200000 | 1324 759 659 659
1332 200000 | 1287 665 712 712
1306 200000 | 1265 689 658 658
1368 200000 | 1313 689 734 734
1338 200000 | 1285 698 693 693
1314 200000 | 1260 674 694 694
1299 200000 | 1254 649 695 695
1330 200000 | 1279 697 684 684
1355 200000 | 1310 678 722 722
1330 200000 | 1282 670 708 708
1367 200000 | 1325 703 706 706
1255 200000 | 1216 662 632 632
1300 200000 | 1252 663 685 685
1315 200000 | 1265 672 693 693
1323 200000 | 1282 674 690 690
1297 200000 | 1244 677 673 673
1337 200000 | 1294 663 717 717
1317 200000 | 1274 660 700 700
1448 200000 | 1389 760 747 747
1369 200000 | 1319 705 714 714
1326 200000 | 1280 730 642 642
1301 200000 | 1242 665 695 695
1357 200000 | 1302 714 698 698
1350 200000 | 1310 683 707 707
1354 200000 | 1319 669 720 720
1297 200000 | 1247 676 671 671
1387 200000 | 1340 713 721 721
1348 200000 | 1297 716 683 683
1356 200000 | 1310 704 698 698
1299 200000 | 1262 690 646 646
1337 200000 | 1285 680 709 709
1279 200000 | 1230 657 671 671
1294 200000 | 1245 715 628 628
