9 200000
7 200000
5 200000
13 200000
5 200000
7 200000
2 200000
7 200000
7 200000
5 200000
5 200000
5 200000
6 200000
8 200000
3 200000
2 200000
3 200000
11 200000
9 200000
4 200000
8 200000
3 200000
5 200000
5 200000
5 200000
4 200000
2 200000
5 200000
7 200000
9 200000
8 200000
3 200000
5 200000
6 200000
6 200000
9 200000
7 200000
12 200000
5 200000
4 200000
5 200000
3 200000
2 200000
7 200000
4 200000
5 200000
8 200000
6 200000
3 200000
5 200000
3 200000
5 200000
4 200000
4 200000
3 200000
1 200000
5 200000
3 200000
3 200000
4 200000
8 200000
1 200000
5 200000
5 200000
4 200000
8 200000
4 200000
2 200000
1 200000
7 200000
8 200000
5 200000
4 200000
2 200000
2 200000
7 200000
6 200000
6 200000
5 200000
1 200000
2 200000
4 200000
6 200000
3 200000
9 200000
3 200000
1 200000
3 200000
3 200000
5 200000
3 200000
3 200000
4 200000
4 200000
6 200000
4 200000
4 200000
9 200000
11 200000
9 200000
7 200000
4 200000
8 200000
7 200000
8 200000
7 200000
5 200000
8 200000
6 200000
3 200000
5 200000
2 200000
3 200000
3 200000
9 200000
5 200000
6 200000
3 200000
3 200000
4 200000
3 200000
6 200000
4 200000
5 200000
3 200000
8 200000
6 200000
2 200000
8 200000
3 200000
6 200000
4 200000
4 200000
4 200000
4 200000
6 200000
8 200000
5 200000
7 200000
