245 200000
270 200000
255 200000
254 200000
277 200000
254 200000
283 200000
259 200000
253 200000
271 200000
284 200000
263 200000
280 200000
248 200000
266 200000
289 200000
243 200000
260 200000
267 200000
254 200000
287 200000
251 200000
273 200000
259 200000
262 200000
259 200000
278 200000
290 200000
253 200000
266 200000
257 200000
267 200000
250 200000
266 200000
248 200000
257 200000
287 200000
255 200000
258 200000
255 200000
250 200000
251 200000
236 200000
274 200000
243 200000
274 200000
260 200000
310 200000
258 200000
283 200000
259 200000
267 200000
240 200000
252 200000
263 200000
274 200000
255 200000
280 200000
259 200000
293 200000
259 200000
