12926 200000
13025 200000
12843 200000
12754 200000
12858 200000
13052 200000
12868 200000
12922 200000
12825 200000
13039 200000
12948 200000
12929 200000
13023 200000
12845 200000
13060 200000
12975 200000
12904 200000
13055 200000
13004 200000
13039 200000
12868 200000
12973 200000
12822 200000
12963 200000
12771 200000
13168 200000
12984 200000
13118 200000
12950 200000
13028 200000
12809 200000
12949 200000
12783 200000
12796 200000
12903 200000
13046 200000
12947 200000
13090 200000
12920 200000
