10113 200000
10307 200000
10427 200000
10397 200000
10455 200000
10361 200000
10471 200000
10273 200000
10216 200000
10394 200000
10333 200000
10126 200000
10153 200000
10173 200000
10254 200000
10283 200000
10259 200000
10330 200000
10353 200000
10274 200000
10315 200000
10326 200000
10147 200000
10204 200000
10372 200000
10413 200000
10236 200000
10273 200000
10131 200000
10420 200000
10259 200000
10466 200000
10353 200000
10264 200000
10320 200000
10327 200000
10309 200000
10158 200000
10297 200000
10346 200000
10428 200000
10246 200000
10315 200000
10434 200000
10207 200000
10392 200000
10364 200000
10364 200000
10345 200000
