963 200000
966 200000
1039 200000
998 200000
996 200000
990 200000
964 200000
972 200000
1057 200000
948 200000
1001 200000
1018 200000
999 200000
1020 200000
953 200000
1041 200000
969 200000
970 200000
1042 200000
1039 200000
978 200000
995 200000
1018 200000
997 200000
927 200000
984 200000
997 200000
1020 200000
986 200000
989 200000
969 200000
1015 200000
955 200000
987 200000
1044 200000
951 200000
1093 200000
1042 200000
1006 200000
1005 200000
1016 200000
994 200000
948 200000
1005 200000
1020 200000
1015 200000
1003 200000
1007 200000
1042 200000
1013 200000
1009 200000
