942 200000
1004 200000
983 200000
954 200000
992 200000
944 200000
967 200000
968 200000
1015 200000
979 200000
942 200000
927 200000
948 200000
964 200000
1029 200000
932 200000
998 200000
961 200000
1004 200000
978 200000
960 200000
917 200000
1056 200000
938 200000
1001 200000
976 200000
1032 200000
1006 200000
969 200000
956 200000
936 200000
982 200000
908 200000
939 200000
934 200000
986 200000
980 200000
954 200000
938 200000
1031 200000
957 200000
966 200000
968 200000
987 200000
1022 200000
930 200000
1012 200000
992 200000
966 200000
943 200000
972 200000
975 200000
