890 200000
932 200000
920 200000
911 200000
911 200000
863 200000
942 200000
872 200000
933 200000
920 200000
891 200000
885 200000
881 200000
891 200000
915 200000
939 200000
936 200000
964 200000
914 200000
917 200000
915 200000
967 200000
894 200000
921 200000
917 200000
894 200000
913 200000
914 200000
978 200000
917 200000
920 200000
929 200000
879 200000
953 200000
874 200000
874 200000
913 200000
950 200000
849 200000
882 200000
934 200000
896 200000
894 200000
956 200000
896 200000
907 200000
935 200000
872 200000
943 200000
883 200000
897 200000
950 200000
924 200000
955 200000
944 200000
