160 200000
183 200000
191 200000
163 200000
177 200000
173 200000
153 200000
180 200000
163 200000
151 200000
183 200000
153 200000
169 200000
162 200000
164 200000
156 200000
141 200000
164 200000
169 200000
184 200000
186 200000
185 200000
186 200000
157 200000
173 200000
177 200000
203 200000
165 200000
157 200000
157 200000
174 200000
173 200000
155 200000
178 200000
152 200000
165 200000
174 200000
166 200000
164 200000
195 200000
181 200000
161 200000
204 200000
202 200000
198 200000
201 200000
221 200000
213 200000
219 200000
223 200000
195 200000
187 200000
213 200000
220 200000
239 200000
206 200000
195 200000
217 200000
215 200000
218 200000
224 200000
193 200000
214 200000
176 200000
202 200000
234 200000
203 200000
210 200000
197 200000
209 200000
205 200000
191 200000
200 200000
189 200000
196 200000
208 200000
192 200000
223 200000
226 200000
204 200000
217 200000
214 200000
216 200000
229 200000
210 200000
221 200000
224 200000
217 200000
213 200000
226 200000
204 200000
243 200000
210 200000
243 200000
238 200000
211 200000
227 200000
205 200000
217 200000
190 200000
196 200000
223 200000
221 200000
199 200000
212 200000
200 200000
204 200000
211 200000
238 200000
215 200000
202 200000
248 200000
213 200000
195 200000
214 200000
205 200000
213 200000
214 200000
227 200000
234 200000
233 200000
196 200000
198 200000
209 200000
224 200000
213 200000
215 200000
207 200000
204 200000
207 200000
197 200000
200 200000
212 200000
227 200000
214 200000
212 200000
187 200000
195 200000
220 200000
226 200000
216 200000
207 200000
220 200000
192 200000
227 200000
213 200000
239 200000
215 200000
249 200000
192 200000
230 200000
214 200000
199 200000
211 200000
231 200000
207 200000
238 200000
200 200000
208 200000
226 200000
215 200000
240 200000
212 200000
201 200000
221 200000
219 200000
203 200000
197 200000
208 200000
226 200000
214 200000
232 200000
223 200000
194 200000
220 200000
250 200000
219 200000
212 200000
197 200000
228 200000
195 200000
226 200000
203 200000
232 200000
178 200000
211 200000
213 200000
229 200000
209 200000
222 200000
237 200000
222 200000
208 200000
206 200000
196 200000
221 200000
215 200000
192 200000
183 200000
212 200000
201 200000
231 200000
217 200000
211 200000
208 200000
212 200000
222 200000
179 200000
221 200000
206 200000
230 200000
220 200000
182 200000
189 200000
213 200000
214 200000
218 200000
201 200000
198 200000
199 200000
218 200000
215 200000
198 200000
200 200000
233 200000
208 200000
193 200000
198 200000
212 200000
204 200000
213 200000
224 200000
223 200000
219 200000
209 200000
223 200000
225 200000
216 200000
235 200000
199 200000
212 200000
206 200000
229 200000
213 200000
