905 200000
930 200000
935 200000
955 200000
964 200000
900 200000
891 200000
938 200000
954 200000
929 200000
923 200000
918 200000
929 200000
923 200000
908 200000
910 200000
917 200000
956 200000
972 200000
963 200000
915 200000
966 200000
944 200000
952 200000
864 200000
893 200000
885 200000
899 200000
922 200000
933 200000
888 200000
901 200000
907 200000
962 200000
961 200000
955 200000
944 200000
881 200000
934 200000
917 200000
875 200000
929 200000
887 200000
883 200000
952 200000
947 200000
895 200000
944 200000
958 200000
970 200000
902 200000
917 200000
923 200000
892 200000
907 200000
