10218 200000
10295 200000
10369 200000
10297 200000
10355 200000
10278 200000
10378 200000
10244 200000
10398 200000
10410 200000
10312 200000
10449 200000
10165 200000
10202 200000
10241 200000
10386 200000
10286 200000
10476 200000
10096 200000
10193 200000
10316 200000
10377 200000
10168 200000
10352 200000
10261 200000
10279 200000
10221 200000
10338 200000
10436 200000
10257 200000
10087 200000
10572 200000
10567 200000
10383 200000
10346 200000
10227 200000
10594 200000
10457 200000
10263 200000
10512 200000
10351 200000
10406 200000
10339 200000
10392 200000
10353 200000
10278 200000
10263 200000
10356 200000
10329 200000
