10475 200000
10310 200000
10381 200000
10263 200000
10324 200000
10236 200000
10243 200000
10281 200000
10287 200000
10367 200000
10199 200000
10361 200000
10303 200000
10317 200000
10412 200000
10424 200000
10112 200000
10224 200000
10021 200000
10174 200000
10253 200000
10285 200000
10188 200000
10261 200000
10126 200000
10258 200000
10432 200000
10408 200000
10333 200000
10175 200000
10431 200000
10245 200000
10314 200000
10478 200000
10295 200000
10391 200000
10438 200000
10196 200000
10248 200000
10356 200000
10189 200000
10188 200000
10183 200000
10242 200000
10298 200000
10355 200000
10103 200000
10278 200000
10425 200000
