682 200000
705 200000
741 200000
681 200000
691 200000
677 200000
719 200000
702 200000
715 200000
677 200000
683 200000
664 200000
759 200000
706 200000
710 200000
686 200000
686 200000
704 200000
705 200000
726 200000
655 200000
745 200000
681 200000
702 200000
719 200000
723 200000
679 200000
690 200000
720 200000
725 200000
740 200000
714 200000
677 200000
717 200000
674 200000
711 200000
658 200000
769 200000
744 200000
693 200000
728 200000
708 200000
729 200000
687 200000
698 200000
741 200000
758 200000
673 200000
726 200000
693 200000
731 200000
741 200000
692 200000
661 200000
682 200000
683 200000
659 200000
707 200000
715 200000
721 200000
