37 200000
25 200000
36 200000
30 200000
34 200000
37 200000
30 200000
26 200000
34 200000
29 200000
29 200000
35 200000
28 200000
30 200000
31 200000
29 200000
28 200000
44 200000
31 200000
45 200000
44 200000
30 200000
34 200000
28 200000
44 200000
35 200000
31 200000
29 200000
20 200000
35 200000
36 200000
37 200000
34 200000
31 200000
34 200000
41 200000
28 200000
27 200000
38 200000
34 200000
31 200000
32 200000
27 200000
39 200000
32 200000
26 200000
32 200000
31 200000
28 200000
28 200000
27 200000
37 200000
44 200000
43 200000
29 200000
30 200000
35 200000
39 200000
32 200000
33 200000
26 200000
40 200000
27 200000
37 200000
26 200000
34 200000
37 200000
29 200000
33 200000
31 200000
25 200000
42 200000
30 200000
36 200000
44 200000
34 200000
40 200000
26 200000
26 200000
31 200000
26 200000
26 200000
34 200000
28 200000
34 200000
34 200000
30 200000
37 200000
31 200000
33 200000
24 200000
25 200000
31 200000
33 200000
27 200000
31 200000
32 200000
29 200000
36 200000
23 200000
33 200000
23 200000
31 200000
33 200000
41 200000
27 200000
41 200000
33 200000
28 200000
31 200000
30 200000
35 200000
30 200000
18 200000
32 200000
34 200000
33 200000
32 200000
41 200000
26 200000
33 200000
35 200000
41 200000
40 200000
29 200000
26 200000
34 200000
39 200000
48 200000
32 200000
28 200000
35 200000
32 200000
25 200000
20 200000
34 200000
35 200000
35 200000
42 200000
36 200000
37 200000
38 200000
30 200000
41 200000
29 200000
40 200000
30 200000
36 200000
31 200000
33 200000
43 200000
38 200000
36 200000
17 200000
37 200000
34 200000
42 200000
37 200000
35 200000
23 200000
23 200000
35 200000
30 200000
24 200000
27 200000
42 200000
33 200000
27 200000
27 200000
36 200000
34 200000
35 200000
29 200000
38 200000
35 200000
33 200000
36 200000
40 200000
39 200000
31 200000
30 200000
48 200000
37 200000
29 200000
37 200000
33 200000
32 200000
22 200000
40 200000
39 200000
43 200000
19 200000
33 200000
36 200000
30 200000
32 200000
33 200000
36 200000
38 200000
34 200000
36 200000
36 200000
22 200000
31 200000
38 200000
33 200000
43 200000
31 200000
37 200000
25 200000
28 200000
35 200000
32 200000
37 200000
29 200000
34 200000
33 200000
45 200000
44 200000
25 200000
27 200000
39 200000
33 200000
31 200000
29 200000
29 200000
22 200000
34 200000
40 200000
28 200000
26 200000
28 200000
42 200000
33 200000
28 200000
33 200000
30 200000
35 200000
25 200000
45 200000
28 200000
32 200000
36 200000
44 200000
31 200000
44 200000
29 200000
31 200000
34 200000
33 200000
36 200000
29 200000
35 200000
29 200000
41 200000
36 200000
41 200000
37 200000
27 200000
40 200000
32 200000
33 200000
31 200000
26 200000
34 200000
35 200000
25 200000
27 200000
27 200000
26 200000
22 200000
35 200000
28 200000
39 200000
37 200000
35 200000
39 200000
34 200000
29 200000
36 200000
27 200000
44 200000
43 200000
28 200000
31 200000
33 200000
32 200000
41 200000
34 200000
33 200000
34 200000
37 200000
35 200000
33 200000
38 200000
30 200000
30 200000
32 200000
29 200000
25 200000
37 200000
35 200000
40 200000
27 200000
23 200000
26 200000
30 200000
26 200000
31 200000
28 200000
33 200000
31 200000
32 200000
34 200000
35 200000
24 200000
34 200000
36 200000
28 200000
36 200000
33 200000
32 200000
31 200000
30 200000
36 200000
37 200000
42 200000
31 200000
29 200000
31 200000
37 200000
35 200000
32 200000
29 200000
33 200000
40 200000
26 200000
29 200000
34 200000
37 200000
35 200000
31 200000
33 200000
31 200000
26 200000
35 200000
24 200000
32 200000
30 200000
41 200000
31 200000
25 200000
25 200000
37 200000
42 200000
34 200000
28 200000
33 200000
35 200000
38 200000
30 200000
30 200000
36 200000
40 200000
36 200000
28 200000
20 200000
39 200000
38 200000
39 200000
26 200000
32 200000
32 200000
36 200000
39 200000
34 200000
32 200000
25 200000
39 200000
36 200000
36 200000
34 200000
34 200000
30 200000
36 200000
27 200000
32 200000
37 200000
34 200000
28 200000
24 200000
33 200000
27 200000
39 200000
35 200000
30 200000
29 200000
41 200000
45 200000
26 200000
31 200000
32 200000
25 200000
30 200000
35 200000
30 200000
29 200000
25 200000
36 200000
26 200000
41 200000
43 200000
45 200000
37 200000
30 200000
46 200000
28 200000
38 200000
31 200000
37 200000
39 200000
30 200000
24 200000
31 200000
26 200000
31 200000
36 200000
33 200000
25 200000
36 200000
31 200000
33 200000
25 200000
21 200000
30 200000
32 200000
43 200000
30 200000
30 200000
42 200000
24 200000
23 200000
39 200000
35 200000
26 200000
37 200000
23 200000
29 200000
35 200000
32 200000
25 200000
34 200000
32 200000
27 200000
24 200000
47 200000
40 200000
30 200000
33 200000
27 200000
23 200000
33 200000
43 200000
27 200000
34 200000
40 200000
36 200000
36 200000
35 200000
31 200000
37 200000
38 200000
32 200000
33 200000
24 200000
25 200000
31 200000
35 200000
29 200000
38 200000
28 200000
35 200000
30 200000
37 200000
27 200000
36 200000
31 200000
37 200000
40 200000
36 200000
29 200000
42 200000
35 200000
38 200000
28 200000
37 200000
32 200000
26 200000
30 200000
31 200000
31 200000
32 200000
36 200000
31 200000
33 200000
33 200000
34 200000
32 200000
44 200000
26 200000
34 200000
35 200000
40 200000
37 200000
40 200000
27 200000
33 200000
25 200000
32 200000
36 200000
33 200000
35 200000
29 200000
27 200000
29 200000
21 200000
33 200000
29 200000
35 200000
33 200000
46 200000
28 200000
38 200000
32 200000
42 200000
31 200000
27 200000
27 200000
37 200000
35 200000
21 200000
44 200000
33 200000
33 200000
36 200000
30 200000
29 200000
40 200000
39 200000
25 200000
54 200000
24 200000
40 200000
31 200000
21 200000
27 200000
28 200000
29 200000
33 200000
40 200000
32 200000
30 200000
26 200000
30 200000
24 200000
24 200000
40 200000
42 200000
30 200000
33 200000
37 200000
24 200000
30 200000
26 200000
29 200000
33 200000
30 200000
29 200000
30 200000
35 200000
35 200000
31 200000
31 200000
38 200000
37 200000
27 200000
41 200000
27 200000
45 200000
42 200000
28 200000
33 200000
34 200000
35 200000
24 200000
32 200000
31 200000
35 200000
38 200000
28 200000
40 200000
33 200000
38 200000
36 200000
30 200000
26 200000
35 200000
32 200000
37 200000
39 200000
30 200000
28 200000
31 200000
32 200000
29 200000
39 200000
41 200000
36 200000
27 200000
33 200000
30 200000
24 200000
27 200000
30 200000
38 200000
36 200000
31 200000
36 200000
39 200000
34 200000
42 200000
32 200000
20 200000
24 200000
37 200000
33 200000
23 200000
42 200000
35 200000
35 200000
39 200000
35 200000
39 200000
32 200000
33 200000
27 200000
28 200000
48 200000
36 200000
29 200000
40 200000
33 200000
36 200000
40 200000
30 200000
30 200000
35 200000
27 200000
32 200000
32 200000
30 200000
22 200000
36 200000
35 200000
39 200000
21 200000
27 200000
27 200000
41 200000
26 200000
19 200000
33 200000
26 200000
33 200000
30 200000
37 200000
33 200000
24 200000
42 200000
31 200000
28 200000
36 200000
33 200000
35 200000
37 200000
30 200000
33 200000
24 200000
28 200000
33 200000
35 200000
23 200000
30 200000
35 200000
26 200000
29 200000
32 200000
28 200000
35 200000
36 200000
34 200000
41 200000
33 200000
30 200000
44 200000
42 200000
30 200000
32 200000
31 200000
33 200000
40 200000
38 200000
32 200000
31 200000
36 200000
34 200000
41 200000
39 200000
32 200000
36 200000
38 200000
37 200000
40 200000
32 200000
33 200000
36 200000
32 200000
26 200000
33 200000
35 200000
32 200000
36 200000
27 200000
36 200000
27 200000
34 200000
33 200000
30 200000
26 200000
22 200000
42 200000
31 200000
36 200000
39 200000
35 200000
42 200000
34 200000
30 200000
30 200000
33 200000
26 200000
37 200000
36 200000
34 200000
39 200000
36 200000
35 200000
40 200000
27 153492
19 153492
24 153492
25 153492
30 200000
27 153492
23 200000
22 153492
23 153492
36 200000
28 153492
29 153492
31 200000
20 153492
38 200000
22 153492
32 153492
41 200000
16 153492
21 153492
35 200000
26 153492
36 200000
25 153492
24 153492
32 200000
28 153492
26 153492
25 200000
32 200000
22 200000
36 200000
30 200000
31 200000
34 200000
30 200000
35 200000
22 200000
29 200000
33 200000
35 200000
35 200000
32 200000
22 200000
39 200000
28 200000
38 200000
35 200000
30 200000
40 200000
26 200000
32 200000
39 200000
35 200000
43 200000
28 200000
38 200000
35 200000
35 200000
38 200000
28 200000
36 200000
33 200000
26 200000
29 200000
39 200000
20 200000
33 200000
29 200000
32 200000
36 200000
37 200000
38 200000
31 200000
27 200000
37 200000
31 200000
25 200000
29 200000
41 200000
38 200000
41 200000
34 200000
31 200000
32 200000
38 200000
28 200000
36 200000
31 200000
39 200000
28 200000
34 200000
31 200000
27 200000
25 200000
35 200000
40 200000
36 200000
24 200000
43 200000
36 200000
37 200000
31 200000
27 200000
37 200000
41 200000
42 200000
37 200000
33 200000
34 200000
35 200000
26 200000
35 200000
35 200000
37 200000
44 200000
39 200000
26 200000
29 200000
33 200000
38 200000
31 200000
40 200000
31 200000
35 200000
35 200000
28 200000
28 200000
40 200000
40 200000
28 200000
25 200000
33 200000
46 200000
34 200000
37 200000
35 200000
36 200000
32 200000
28 200000
45 200000
28 200000
36 200000
35 200000
24 200000
36 200000
46 200000
43 200000
35 200000
26 200000
35 200000
27 200000
38 200000
31 200000
29 200000
30 200000
25 200000
39 200000
34 200000
33 200000
25 200000
29 200000
34 200000
25 200000
46 200000
25 200000
31 200000
41 200000
25 200000
40 200000
37 200000
32 200000
32 200000
26 200000
25 200000
39 200000
34 200000
35 200000
36 200000
46 200000
25 200000
29 200000
40 200000
30 200000
44 200000
46 200000
30 200000
31 200000
36 200000
38 200000
36 200000
37 200000
32 200000
25 200000
28 200000
25 200000
25 200000
35 200000
34 200000
43 200000
37 200000
41 200000
46 200000
29 200000
37 200000
30 200000
31 200000
30 200000
36 200000
33 200000
29 200000
29 200000
34 200000
33 200000
35 200000
40 200000
26 200000
35 200000
31 200000
46 200000
33 200000
26 200000
26 200000
30 200000
37 200000
33 200000
29 200000
27 200000
26 200000
23 200000
30 200000
34 200000
33 200000
33 200000
31 200000
26 200000
36 200000
33 200000
39 200000
40 200000
37 200000
25 200000
33 200000
28 200000
27 200000
32 200000
38 200000
45 200000
32 200000
20 200000
27 200000
30 200000
30 200000
37 200000
32 200000
27 200000
32 200000
36 200000
38 200000
27 200000
29 200000
37 200000
39 200000
41 200000
29 200000
42 200000
32 200000
25 200000
36 200000
38 200000
41 200000
48 200000
24 200000
30 200000
35 200000
35 200000
27 200000
40 200000
30 200000
46 200000
31 200000
35 200000
36 200000
28 200000
31 200000
34 200000
38 200000
40 200000
31 200000
36 200000
28 200000
33 200000
33 200000
32 200000
33 200000
30 200000
27 200000
43 200000
33 200000
35 200000
32 200000
36 200000
30 200000
30 200000
37 200000
46 200000
32 200000
32 200000
30 200000
