1010 200000
997 200000
943 200000
982 200000
960 200000
975 200000
1015 200000
1034 200000
1023 200000
994 200000
990 200000
1012 200000
975 200000
994 200000
1018 200000
960 200000
1047 200000
976 200000
976 200000
972 200000
998 200000
1035 200000
1010 200000
1073 200000
978 200000
1033 200000
956 200000
976 200000
978 200000
1027 200000
989 200000
993 200000
990 200000
944 200000
1002 200000
998 200000
991 200000
1041 200000
969 200000
944 200000
1016 200000
977 200000
1010 200000
959 200000
1003 200000
1019 200000
1013 200000
1014 200000
932 200000
994 200000
990 200000
