992 200000
929 200000
976 200000
1007 200000
1044 200000
979 200000
1020 200000
1047 200000
1069 200000
1006 200000
995 200000
988 200000
925 200000
964 200000
1048 200000
1038 200000
1011 200000
1036 200000
1033 200000
1031 200000
1088 200000
1003 200000
947 200000
1007 200000
1046 200000
1036 200000
1009 200000
1029 200000
1003 200000
963 200000
1048 200000
1064 200000
1010 200000
954 200000
999 200000
1033 200000
956 200000
965 200000
994 200000
986 200000
974 200000
1024 200000
1059 200000
1027 200000
1003 200000
1014 200000
997 200000
984 200000
1007 200000
997 200000
