124 200000
149 200000
137 200000
143 200000
140 200000
138 200000
140 200000
149 200000
140 200000
124 200000
137 200000
133 200000
132 200000
148 200000
141 200000
151 200000
123 200000
140 200000
126 200000
112 200000
140 200000
125 200000
150 200000
143 200000
163 200000
124 200000
159 200000
138 200000
144 200000
133 200000
150 200000
137 200000
156 200000
148 200000
146 200000
109 200000
143 200000
148 200000
164 200000
140 200000
146 200000
164 200000
129 200000
146 200000
150 200000
134 200000
136 200000
129 200000
137 200000
136 200000
130 200000
136 200000
135 200000
170 200000
158 200000
147 200000
115 200000
127 200000
132 200000
147 200000
128 200000
135 200000
119 200000
136 200000
156 200000
124 200000
140 200000
125 200000
130 200000
145 200000
163 200000
149 200000
118 200000
144 200000
140 200000
161 200000
135 200000
128 200000
135 200000
142 200000
148 200000
134 200000
138 200000
137 200000
138 200000
149 200000
130 200000
113 200000
119 200000
152 200000
155 200000
112 200000
137 200000
166 200000
141 200000
133 200000
161 200000
165 200000
141 200000
148 200000
130 200000
148 200000
170 200000
156 200000
124 200000
163 200000
147 200000
145 200000
142 200000
124 200000
138 200000
141 200000
136 200000
132 200000
144 200000
143 200000
127 200000
143 200000
151 200000
150 200000
145 200000
144 200000
150 200000
137 200000
128 200000
118 200000
124 200000
150 200000
136 200000
125 200000
129 200000
131 200000
130 200000
132 200000
125 200000
145 200000
152 200000
125 200000
143 200000
153 200000
159 200000
128 200000
136 200000
149 200000
152 200000
127 200000
127 200000
154 200000
148 200000
148 200000
122 200000
136 200000
140 200000
147 200000
148 200000
143 200000
142 200000
132 200000
143 200000
140 200000
150 200000
124 200000
151 200000
130 200000
148 200000
143 200000
142 200000
153 200000
130 200000
125 200000
135 200000
135 200000
134 200000
140 200000
135 200000
141 200000
136 200000
132 200000
142 200000
131 200000
136 200000
136 200000
137 200000
139 200000
147 200000
150 200000
139 200000
127 200000
160 200000
141 200000
127 200000
143 200000
128 200000
140 200000
139 200000
148 200000
127 200000
125 200000
152 200000
152 200000
129 200000
151 200000
156 200000
128 200000
135 200000
131 200000
136 200000
135 200000
150 200000
133 200000
125 200000
132 200000
154 200000
123 200000
152 200000
116 200000
142 200000
120 200000
143 200000
151 200000
148 200000
134 200000
132 200000
148 200000
126 200000
138 200000
139 200000
145 200000
156 200000
139 200000
175 200000
169 200000
150 200000
126 200000
136 200000
135 200000
149 200000
131 200000
148 200000
130 200000
142 200000
148 200000
131 200000
145 200000
144 200000
158 200000
154 200000
150 200000
140 200000
136 200000
122 200000
145 200000
124 200000
141 200000
149 200000
152 200000
144 200000
152 200000
113 200000
154 200000
143 200000
109 200000
152 200000
131 200000
131 200000
137 200000
158 200000
138 200000
158 200000
134 200000
157 200000
133 200000
134 200000
128 200000
138 200000
134 200000
139 200000
147 200000
164 200000
145 200000
141 200000
157 200000
145 200000
147 200000
127 200000
132 200000
118 200000
125 200000
143 200000
146 200000
150 200000
122 200000
161 200000
140 200000
150 200000
141 200000
157 200000
144 200000
127 200000
143 200000
150 200000
138 200000
138 200000
132 200000
135 200000
165 200000
155 200000
144 200000
148 200000
142 200000
132 200000
133 200000
139 200000
143 200000
138 200000
156 200000
160 200000
156 200000
157 200000
148 200000
129 200000
147 200000
137 200000
163 200000
165 200000
132 200000
150 200000
154 200000
172 200000
162 200000
179 200000
130 200000
155 200000
144 200000
151 200000
161 200000
140 200000
157 200000
136 200000
147 200000
155 200000
140 200000
148 200000
153 200000
186 200000
117 200000
151 200000
137 200000
158 200000
172 200000
154 200000
142 200000
151 200000
150 200000
158 200000
