149 200000
154 200000
154 200000
149 200000
166 200000
160 200000
150 200000
142 200000
143 200000
125 200000
149 200000
131 200000
168 200000
153 200000
121 200000
149 200000
144 200000
190 200000
151 200000
156 200000
138 200000
154 200000
138 200000
124 200000
152 200000
153 200000
136 200000
149 200000
127 200000
159 200000
141 200000
141 200000
166 200000
140 200000
160 200000
148 200000
157 200000
131 200000
142 200000
153 200000
145 200000
154 200000
129 200000
145 200000
174 200000
141 200000
145 200000
131 200000
136 200000
140 200000
136 200000
136 200000
153 200000
150 200000
177 200000
139 200000
168 200000
154 200000
138 200000
165 200000
157 200000
142 200000
134 200000
144 200000
149 200000
163 200000
144 200000
154 200000
175 200000
139 200000
160 200000
174 200000
152 200000
149 200000
148 200000
125 200000
134 200000
126 200000
156 200000
163 200000
160 200000
154 200000
145 200000
146 200000
128 200000
136 200000
155 200000
142 200000
150 200000
118 200000
158 200000
146 200000
145 200000
169 200000
154 200000
162 200000
143 200000
130 200000
139 200000
141 200000
151 200000
162 200000
131 200000
176 200000
144 200000
156 200000
152 200000
156 200000
153 200000
130 200000
139 200000
149 200000
150 200000
132 200000
150 200000
150 200000
146 200000
155 200000
150 200000
135 200000
151 200000
159 200000
156 200000
157 200000
159 200000
141 200000
159 200000
154 200000
129 200000
132 200000
133 200000
152 200000
164 200000
150 200000
151 200000
161 200000
145 200000
136 200000
124 200000
139 200000
157 200000
147 200000
156 200000
146 200000
150 200000
143 200000
140 200000
134 200000
161 200000
139 200000
162 200000
145 200000
129 200000
135 200000
139 200000
147 200000
118 200000
147 200000
161 200000
134 200000
141 200000
149 200000
140 200000
151 200000
141 200000
180 200000
147 200000
159 200000
139 200000
142 200000
140 200000
160 200000
159 200000
143 200000
155 200000
142 200000
152 200000
132 200000
155 200000
160 200000
136 200000
135 200000
147 200000
146 200000
143 200000
140 200000
138 200000
156 200000
157 200000
166 200000
172 200000
135 200000
140 200000
126 200000
149 200000
158 200000
158 200000
136 200000
148 200000
146 200000
150 200000
145 200000
161 200000
140 200000
135 200000
174 200000
121 200000
165 200000
182 200000
137 200000
144 200000
134 200000
139 200000
127 200000
180 200000
133 200000
138 200000
138 200000
164 200000
156 200000
143 200000
160 200000
141 200000
145 200000
155 200000
159 200000
149 200000
146 200000
148 200000
153 200000
138 200000
168 200000
150 200000
155 200000
150 200000
136 200000
125 200000
135 200000
140 200000
142 200000
150 200000
145 200000
149 200000
167 200000
160 200000
156 200000
165 200000
130 200000
155 200000
167 200000
148 200000
154 200000
159 200000
171 200000
170 200000
143 200000
132 200000
154 200000
148 200000
143 200000
156 200000
151 200000
157 200000
163 200000
149 200000
168 200000
128 200000
162 200000
139 200000
156 200000
141 200000
155 200000
155 200000
151 200000
133 200000
155 200000
137 200000
136 200000
153 200000
146 200000
145 200000
171 200000
138 200000
144 200000
140 200000
146 200000
154 200000
155 200000
153 200000
147 200000
158 200000
160 200000
170 200000
141 200000
144 200000
158 200000
153 200000
145 200000
154 200000
168 200000
148 200000
155 200000
132 200000
140 200000
161 200000
160 200000
140 200000
158 200000
139 200000
150 200000
148 200000
150 200000
162 200000
147 200000
144 200000
136 200000
152 200000
150 200000
146 200000
137 200000
136 200000
159 200000
150 200000
166 200000
130 200000
153 200000
149 200000
151 200000
138 200000
151 200000
163 200000
154 200000
137 200000
173 200000
131 200000
151 200000
145 200000
