370 200000
419 200000
395 200000
411 200000
379 200000
406 200000
350 200000
405 200000
402 200000
423 200000
376 200000
394 200000
430 200000
386 200000
421 200000
424 200000
405 200000
388 200000
402 200000
405 200000
408 200000
396 200000
427 200000
423 200000
408 200000
422 200000
422 200000
403 200000
423 200000
395 200000
339 200000
387 200000
402 200000
423 200000
380 200000
395 200000
372 200000
375 200000
393 200000
415 200000
402 200000
407 200000
428 200000
409 200000
429 200000
413 200000
380 200000
400 200000
412 200000
407 200000
420 200000
425 200000
389 200000
378 200000
405 200000
400 200000
434 200000
427 200000
385 200000
431 200000
402 200000
393 200000
396 200000
407 200000
427 200000
422 200000
427 200000
412 200000
400 200000
392 200000
390 200000
377 200000
381 200000
429 200000
398 200000
371 200000
424 200000
411 200000
428 200000
403 200000
414 200000
410 200000
374 200000
394 200000
358 200000
418 200000
402 200000
374 200000
388 200000
387 200000
386 200000
377 200000
400 200000
434 200000
382 200000
407 200000
446 200000
396 200000
408 200000
398 200000
397 200000
447 200000
394 200000
412 200000
386 200000
401 200000
422 200000
416 200000
426 200000
402 200000
403 200000
421 200000
398 200000
400 200000
396 200000
409 200000
442 200000
419 200000
384 200000
380 200000
420 200000
426 200000
438 200000
432 200000
